302.70	603.84	138.82
302.72	612.75	139.32
302.74	621.65	139.64
305.88	608.31	139.65
302.76	630.56	139.85
309.04	603.88	139.90
302.27	639.48	139.93
305.40	617.23	140.00
302.23	648.40	140.13
301.19	657.27	140.18
307.49	612.72	140.18
305.11	624.98	140.20
304.27	634.99	140.27
309.70	609.38	140.39
304.15	643.90	140.45
300.96	666.17	140.49
307.25	621.63	140.51
303.33	653.87	140.55
306.24	630.50	140.58
312.78	604.79	140.63
308.87	617.13	140.65
302.56	661.68	140.67
305.71	639.42	140.69
305.72	648.33	140.93
308.89	626.06	140.99
312.04	612.68	141.01
302.58	670.59	141.08
305.74	657.24	141.22
308.90	634.98	141.26
315.21	608.22	141.32
312.06	621.61	141.45
308.91	643.89	141.51
318.37	603.77	141.57
302.61	679.51	141.58
305.76	666.15	141.59
312.08	630.53	141.79
308.92	652.80	141.79
315.23	617.16	141.86
306.24	675.07	142.14
312.53	639.44	142.16
309.51	662.06	142.26
303.15	688.73	142.29
318.90	613.00	142.32
315.66	626.33	142.36
312.50	648.28	142.43
321.67	608.20	142.52
309.02	670.61	142.53
305.78	684.01	142.55
315.15	635.02	142.58
311.89	657.32	142.61
318.05	621.75	142.63
324.42	603.65	142.69
302.33	697.17	142.72
314.79	643.59	142.78
308.40	679.20	142.84
311.71	666.18	142.92
321.03	617.19	142.98
317.91	630.55	142.98
305.28	692.92	143.02
314.70	652.82	143.07
318.46	639.46	143.42
324.76	612.75	143.43
312.16	675.11	143.44
302.71	706.30	143.50
309.02	688.48	143.52
315.32	661.74	143.53
321.62	626.11	143.55
327.92	608.31	143.73
318.48	648.38	143.73
305.88	701.86	143.79
315.34	670.66	143.91
312.19	684.03	143.92
321.64	635.02	143.93
324.79	621.67	143.97
331.08	603.87	143.99
318.50	657.29	144.05
309.04	697.41	144.11
302.75	715.25	144.24
321.66	643.93	144.25
327.95	617.23	144.34
315.36	679.58	144.35
324.81	630.58	144.40
318.51	666.21	144.40
330.36	611.74	144.46
321.15	652.86	144.46
312.21	692.96	144.46
305.91	710.80	144.48
308.29	705.25	144.52
324.04	638.39	144.55
320.13	661.72	144.57
317.73	674.02	144.57
314.56	687.38	144.61
327.16	625.01	144.61
332.67	608.27	144.65
301.13	724.08	144.71
310.58	701.81	144.72
323.17	648.36	144.73
334.91	604.93	144.83
303.42	720.73	144.83
316.77	683.99	144.87
326.22	634.99	144.87
329.36	621.63	144.88
319.91	670.63	144.88
322.27	658.37	144.89
312.82	698.42	144.93
325.15	643.85	144.98
306.50	716.19	145.02
331.44	617.09	145.03
337.99	600.36	145.04
318.83	679.47	145.07
328.27	630.48	145.10
309.37	710.62	145.12
321.97	666.12	145.13
315.66	692.82	145.15
324.62	652.78	145.19
334.08	612.66	145.26
312.03	706.21	145.31
302.59	728.47	145.36
327.78	639.42	145.37
321.48	675.05	145.40
318.33	688.40	145.43
330.93	626.04	145.43
324.64	661.69	145.51
305.75	724.02	145.53
337.24	608.21	145.56
315.20	701.77	145.62
327.80	648.33	145.69
308.91	719.58	145.73
340.40	603.76	145.82
334.10	621.60	145.83
321.50	683.96	145.84
330.95	634.97	145.84
324.66	670.61	145.87
318.36	697.32	145.95
312.07	715.14	145.96
327.81	657.25	146.01
302.63	737.41	146.16
330.97	643.89	146.19
337.27	617.15	146.20
315.23	710.69	146.22
324.68	679.52	146.26
305.79	732.96	146.29
334.13	630.52	146.30
321.53	692.88	146.31
327.83	666.16	146.34
308.94	728.52	146.45
331.46	652.80	146.61
318.91	706.25	146.61
341.07	613.06	146.69
312.66	724.37	146.76
334.61	639.73	146.79
325.14	688.71	146.80
328.28	675.34	146.80
337.69	626.31	146.82
343.82	608.38	146.89
331.38	661.63	146.90
321.99	701.62	146.90
315.47	719.74	146.91
302.92	746.10	146.98
334.14	648.36	147.00
305.72	741.85	147.04
327.62	684.08	147.06
346.46	604.01	147.06
318.07	715.38	147.06
340.16	621.75	147.07
336.99	635.09	147.08
330.66	670.73	147.09
324.46	697.21	147.12
308.67	737.30	147.12
333.71	656.98	147.21
311.58	732.71	147.22
320.98	710.39	147.26
336.85	643.91	147.40
343.15	617.19	147.40
314.66	728.55	147.42
330.50	679.55	147.42
327.32	692.91	147.43
339.91	630.55	147.48
333.57	666.18	147.50
324.75	706.29	147.69
318.45	724.11	147.73
302.69	755.30	147.75
337.35	652.82	147.80
305.84	750.84	147.82
346.81	612.75	147.84
309.00	746.39	147.91
331.06	688.47	147.93
334.21	675.10	147.96
321.61	719.66	147.97
340.51	639.47	147.98
327.91	701.84	148.02
343.67	626.11	148.03
312.15	741.94	148.03
337.37	661.74	148.10
349.97	608.31	148.14
315.31	737.49	148.18
324.77	715.21	148.23
340.53	648.38	148.29
334.23	684.02	148.33
318.47	733.04	148.36
331.08	697.39	148.36
353.13	603.87	148.40
337.38	670.65	148.41
346.84	621.67	148.43
343.69	635.02	148.44
302.71	764.24	148.52
327.93	710.76	148.52
305.87	759.78	148.56
321.63	728.59	148.57
340.54	657.29	148.58
309.02	755.33	148.62
312.18	750.87	148.72
334.24	692.94	148.73
337.40	679.57	148.75
343.70	643.93	148.78
324.79	724.14	148.80
350.01	617.23	148.81
331.10	706.31	148.83
315.33	746.42	148.84
340.55	666.21	148.87
346.86	630.58	148.90
352.41	611.74	148.91
343.19	652.85	148.96
327.44	719.71	148.97
333.49	700.79	148.97
320.88	736.44	148.98
318.49	741.97	148.99
339.79	674.04	148.99
336.88	688.51	149.02
342.17	661.72	149.04
346.07	638.37	149.06
301.93	772.04	149.08
305.08	767.58	149.09
349.20	624.99	149.10
308.22	763.11	149.12
330.28	714.08	149.12
323.97	731.89	149.16
355.47	607.16	149.16
311.35	758.62	149.18
338.90	683.99	149.20
335.75	697.36	149.21
345.19	648.36	149.22
313.67	755.26	149.25
300.29	896.73	149.28
341.99	670.63	149.29
326.23	728.54	149.31
332.52	710.72	149.32
357.72	603.81	149.32
316.01	751.89	149.33
344.32	658.37	149.35
348.24	634.99	149.36
351.39	621.63	149.37
340.91	679.48	149.40
324.74	853.26	149.43
334.60	706.19	149.44
319.11	747.37	149.45
337.99	693.94	149.46
360.05	600.37	149.46
347.19	643.86	149.47
328.55	725.10	149.47
321.99	741.81	149.50
325.75	852.99	149.50
353.48	617.08	149.51
344.03	666.13	149.53
330.93	719.57	149.54
305.78	897.87	149.57
305.76	773.01	149.58
302.62	777.47	149.58
350.31	630.48	149.59
302.65	857.71	149.60
308.91	768.56	149.61
324.64	737.39	149.61
346.67	652.79	149.64
340.38	688.41	149.65
302.65	848.83	149.66
312.06	764.11	149.67
305.81	853.27	149.67
302.63	893.41	149.68
337.24	701.77	149.69
318.42	853.27	149.69
343.53	675.05	149.73
308.96	857.71	149.74
312.11	853.27	149.74
356.12	612.66	149.74
305.80	862.15	149.75
315.21	759.66	149.75
302.65	866.60	149.76
321.56	857.68	149.76
315.26	857.70	149.78
308.96	848.83	149.79
321.56	848.85	149.81
327.80	732.94	149.83
334.09	715.13	149.83
315.26	848.84	149.83
349.83	639.42	149.84
305.81	844.38	149.86
318.36	755.21	149.87
312.11	862.15	149.87
346.69	661.70	149.90
302.65	839.93	149.93
352.98	626.05	149.93
312.09	897.85	149.95
308.96	866.60	149.96
318.41	862.14	149.96
312.11	844.39	149.98
321.51	750.76	150.01
305.80	871.05	150.03
340.40	697.32	150.04
359.29	608.21	150.04
308.95	893.39	150.04
343.55	683.97	150.05
327.84	857.68	150.05
330.96	728.50	150.06
318.41	844.39	150.09
327.84	848.85	150.10
302.64	875.51	150.10
315.26	866.60	150.10
308.96	839.93	150.12
349.85	648.34	150.12
337.26	710.69	150.13
346.70	670.61	150.16
324.70	862.14	150.17
324.67	746.32	150.17
305.80	888.94	150.17
305.79	781.95	150.21
312.11	871.06	150.21
308.93	777.50	150.22
302.64	786.41	150.22
305.80	835.47	150.22
312.08	773.05	150.26
362.45	603.75	150.27
315.26	839.93	150.28
321.55	866.60	150.29
302.65	831.02	150.30
324.70	844.40	150.31
308.96	875.52	150.31
334.12	724.05	150.31
353.00	634.97	150.32
330.99	853.27	150.33
315.23	768.59	150.33
318.40	897.83	150.34
356.15	621.60	150.35
315.25	893.38	150.35
327.82	741.87	150.36
349.86	657.25	150.37
318.41	871.06	150.39
312.10	888.92	150.39
343.57	692.88	150.40
318.38	764.14	150.43
312.11	835.47	150.43
302.63	884.48	150.45
340.42	706.24	150.45
315.26	875.52	150.45
346.72	679.52	150.46
308.96	884.46	150.46
305.80	879.97	150.46
312.11	879.98	150.49
302.70	882.72	150.50
321.55	839.93	150.51
308.96	831.01	150.54
321.54	759.69	150.55
330.98	737.42	150.57
315.26	884.45	150.58
337.28	719.61	150.59
353.02	643.89	150.61
349.87	666.16	150.61
305.81	826.55	150.62
318.40	888.91	150.64
327.85	866.61	150.65
318.41	879.98	150.66
324.70	871.06	150.67
302.66	822.10	150.67
318.41	835.47	150.67
321.56	875.52	150.68
331.00	862.16	150.69
321.55	893.36	150.70
324.69	755.24	150.70
302.65	795.34	150.70
305.80	790.88	150.71
359.32	617.15	150.73
308.95	786.43	150.73
324.70	897.82	150.77
346.73	688.43	150.78
312.10	781.97	150.78
343.58	701.80	150.78
356.18	630.53	150.79
315.26	831.01	150.80
334.14	732.97	150.80
321.56	884.44	150.83
353.03	652.80	150.84
315.25	777.52	150.85
331.00	844.37	150.85
327.84	750.79	150.87
349.89	675.07	150.87
340.44	715.16	150.88
312.11	826.55	150.88
334.15	857.71	150.89
327.85	839.92	150.90
302.66	813.18	150.91
308.96	822.09	150.93
318.40	773.07	150.94
302.66	804.26	150.94
305.81	817.63	150.94
324.71	879.99	150.95
334.15	848.82	150.97
324.71	888.90	150.98
324.71	835.46	151.01
305.81	799.80	151.03
327.86	875.53	151.03
321.55	768.62	151.05
308.96	795.35	151.10
305.81	808.72	151.10
321.56	831.00	151.10
331.01	871.07	151.11
327.86	893.36	151.13
337.81	728.53	151.13
331.56	746.35	151.14
353.48	661.72	151.14
312.11	790.90	151.17
318.41	826.54	151.18
308.96	813.18	151.19
327.86	884.44	151.20
363.00	612.99	151.20
356.76	639.80	151.22
315.26	822.09	151.23
312.11	817.63	151.23
347.31	697.68	151.24
308.96	804.26	151.26
350.40	684.29	151.26
325.31	764.50	151.28
344.06	710.99	151.28
334.74	866.96	151.30
315.89	786.79	151.32
359.83	625.93	151.33
334.50	742.09	151.34
331.56	897.48	151.34
353.44	670.55	151.37
337.66	853.29	151.37
340.87	723.90	151.38
356.50	648.31	151.38
328.09	759.84	151.38
318.69	782.14	151.39
365.99	608.03	151.39
331.32	880.18	151.40
312.56	799.68	151.42
312.46	808.82	151.43
337.35	862.16	151.44
331.15	888.91	151.44
321.43	777.62	151.47
330.92	835.49	151.47
349.81	692.93	151.47
334.04	839.96	151.48
346.60	706.33	151.49
337.11	737.55	151.49
327.66	831.08	151.49
314.98	813.33	151.49
330.70	755.45	151.50
333.73	875.72	151.50
356.02	657.30	151.50
314.98	795.19	151.50
324.35	826.70	151.52
352.77	679.61	151.52
368.68	603.75	151.52
317.92	817.87	151.52
359.07	635.06	151.53
321.07	822.30	151.53
336.95	844.55	151.55
343.34	719.47	151.56
324.32	772.87	151.56
314.72	804.26	151.58
362.22	621.46	151.60
333.71	893.35	151.61
317.90	790.90	151.62
333.61	750.50	151.64
333.61	884.45	151.64
355.72	665.86	151.64
336.81	871.08	151.66
339.90	732.67	151.66
327.32	768.63	151.70
339.99	857.72	151.71
358.99	643.91	151.75
349.46	701.82	151.76
318.42	808.72	151.77
339.87	848.80	151.77
352.60	688.45	151.78
321.57	786.45	151.80
318.42	799.81	151.80
346.22	715.18	151.82
355.63	675.09	151.87
321.57	813.17	151.88
337.32	897.80	151.88
358.78	652.82	151.89
337.32	879.99	151.92
340.48	866.63	151.94
331.03	764.18	151.94
324.72	817.62	151.94
365.11	617.19	151.94
337.33	746.37	151.95
361.93	630.55	151.95
324.73	782.00	151.95
327.87	822.07	151.98
337.33	888.90	151.98
321.57	795.36	151.99
331.02	826.52	152.00
321.57	804.26	152.02
343.63	728.55	152.03
334.18	830.97	152.03
337.33	835.43	152.09
327.88	777.55	152.11
334.18	759.73	152.13
340.48	875.54	152.15
324.73	790.91	152.17
324.73	808.71	152.18
340.49	741.92	152.18
353.09	697.37	152.18
359.39	661.73	152.19
340.49	839.88	152.21
349.94	710.74	152.22
343.64	853.26	152.22
356.24	684.00	152.24
343.64	862.18	152.25
324.73	799.81	152.25
340.48	893.35	152.27
340.48	884.45	152.28
331.04	773.10	152.29
327.88	813.16	152.30
346.80	724.10	152.31
362.55	639.46	152.32
337.34	755.28	152.35
327.88	786.46	152.36
359.40	670.64	152.39
331.03	817.61	152.39
368.86	612.76	152.40
343.64	871.09	152.41
343.64	844.34	152.42
343.65	737.47	152.43
334.18	822.06	152.47
327.88	804.26	152.47
327.88	795.36	152.48
334.19	768.65	152.49
362.56	648.37	152.49
353.11	706.29	152.54
356.26	692.92	152.54
337.34	826.51	152.54
365.72	626.11	152.55
331.04	782.00	152.56
343.64	897.80	152.56
343.64	880.00	152.57
340.50	750.83	152.57
349.96	719.65	152.60
359.41	679.55	152.62
343.64	888.90	152.62
340.49	830.96	152.64
331.04	808.71	152.64
346.80	857.72	152.64
362.56	657.28	152.64
372.02	608.32	152.65
337.35	764.20	152.70
346.81	733.02	152.70
331.04	790.91	152.71
346.81	848.80	152.72
346.80	866.64	152.72
331.04	799.81	152.75
334.20	777.55	152.76
343.65	835.42	152.77
334.19	813.15	152.78
375.17	603.89	152.80
362.57	666.19	152.81
343.66	746.38	152.82
365.73	635.01	152.82
356.27	701.84	152.86
346.80	875.55	152.86
359.42	688.47	152.89
353.12	715.20	152.90
337.34	817.60	152.90
340.51	759.75	152.92
334.20	786.46	152.94
346.81	884.45	152.96
346.81	893.35	152.96
334.19	804.25	152.96
346.81	839.87	152.97
349.97	728.57	152.98
337.36	773.10	152.98
365.73	643.91	152.98
368.89	621.67	153.00
362.57	675.10	153.01
334.20	795.36	153.02
340.50	822.05	153.02
346.82	741.93	153.07
349.97	853.26	153.09
349.97	862.18	153.09
365.73	652.82	153.11
343.66	826.50	153.15
337.35	808.70	153.15
343.67	755.29	153.16
337.36	782.01	153.18
349.97	871.09	153.18
359.43	697.39	153.19
356.28	710.75	153.21
340.51	768.65	153.21
349.97	844.33	153.24
365.73	661.74	153.24
362.58	684.02	153.25
353.13	724.12	153.27
337.35	799.80	153.28
337.36	790.91	153.29
349.97	880.00	153.29
371.57	617.26	153.30
349.97	897.80	153.30
346.81	830.96	153.30
340.50	813.15	153.32
368.90	630.56	153.33
349.97	888.90	153.34
349.98	737.48	153.34
368.39	639.47	153.40
365.74	670.65	153.41
346.83	750.84	153.41
340.52	777.56	153.42
352.62	857.72	153.43
358.92	706.32	153.44
343.67	764.20	153.45
362.07	692.95	153.45
374.42	611.70	153.46
352.37	731.95	153.47
343.66	817.60	153.47
352.61	866.64	153.47
355.77	719.68	153.48
352.61	848.79	153.49
368.37	648.37	153.50
349.97	835.41	153.50
340.00	786.46	153.50
340.51	804.25	153.50
346.05	823.13	153.51
370.50	626.08	153.52
351.60	884.44	153.52
349.20	745.29	153.53
351.59	893.35	153.53
339.99	795.35	153.53
365.20	679.58	153.54
368.11	656.17	153.54
351.58	839.90	153.55
342.89	772.00	153.56
352.59	875.55	153.57
367.31	666.17	153.57
346.03	758.63	153.57
361.00	701.81	153.59
342.87	809.82	153.61
377.51	607.18	153.62
357.83	715.17	153.62
364.13	688.45	153.62
348.37	826.54	153.63
380.63	602.71	153.66
342.05	781.99	153.66
354.65	728.54	153.67
342.03	799.81	153.70
370.37	634.99	153.70
354.62	862.17	153.70
354.62	853.26	153.71
351.46	741.90	153.72
342.01	790.90	153.72
367.20	675.08	153.73
345.15	813.17	153.74
345.14	768.63	153.74
353.80	843.24	153.75
348.29	755.26	153.75
350.66	829.90	153.76
353.79	881.10	153.77
354.57	871.08	153.77
353.54	888.90	153.77
353.78	896.70	153.78
370.31	643.90	153.78
369.27	661.70	153.80
344.08	777.51	153.80
347.24	817.67	153.81
363.23	698.44	153.81
360.07	711.79	153.83
344.08	804.29	153.83
372.66	622.72	153.83
353.52	737.39	153.84
370.26	652.81	153.85
343.56	786.44	153.85
366.36	685.05	153.86
356.91	725.13	153.87
343.56	795.36	153.87
347.22	764.14	153.87
350.36	750.76	153.87
356.15	857.72	153.90
353.51	835.48	153.91
349.86	822.11	153.93
356.15	866.62	153.93
369.24	670.60	153.95
356.15	848.82	153.95
362.44	706.23	153.97
365.59	692.87	153.98
346.72	808.74	153.99
372.37	630.51	154.00
359.29	719.59	154.01
356.15	875.53	154.01
346.71	773.06	154.01
375.01	617.11	154.02
371.88	639.44	154.02
356.15	732.96	154.05
368.74	679.52	154.07
349.86	759.69	154.08
371.89	648.35	154.08
353.00	746.33	154.08
356.15	884.44	154.08
356.15	893.36	154.10
356.16	839.92	154.11
353.01	826.56	154.12
346.72	799.82	154.13
346.72	781.98	154.14
371.89	657.26	154.15
346.72	790.90	154.18
349.87	813.19	154.19
371.90	666.16	154.26
365.60	701.78	154.28
349.87	768.61	154.29
362.45	715.14	154.30
368.75	688.42	154.31
359.31	862.17	154.32
378.18	612.64	154.32
359.31	853.27	154.33
356.17	831.01	154.34
359.31	728.51	154.34
353.01	755.24	154.35
356.16	741.88	154.36
349.88	804.28	154.37
359.31	871.08	154.38
353.02	817.65	154.38
359.32	844.37	154.42
349.87	777.53	154.43
371.91	675.07	154.43
375.03	626.07	154.43
384.50	603.71	154.44
359.32	879.99	154.45
381.34	608.18	154.47
349.88	795.36	154.47
359.31	897.81	154.49
349.88	786.44	154.49
359.32	888.90	154.50
375.05	634.99	154.55
375.06	643.90	154.57
353.02	764.16	154.57
356.18	822.10	154.58
359.32	835.46	154.59
375.06	652.81	154.59
353.03	808.73	154.59
368.76	697.33	154.60
365.61	710.70	154.60
362.47	724.06	154.63
356.17	750.79	154.64
371.92	683.98	154.65
359.32	737.43	154.65
375.07	661.71	154.66
353.03	773.07	154.72
362.47	857.72	154.73
353.03	799.82	154.74
362.47	866.62	154.76
362.48	848.81	154.76
375.07	670.62	154.79
359.33	826.55	154.81
353.03	781.99	154.81
356.18	813.19	154.81
353.03	790.90	154.81
362.48	875.53	154.82
356.18	759.71	154.86
362.48	839.91	154.88
362.48	884.44	154.89
368.77	706.25	154.90
371.93	692.89	154.91
362.48	893.35	154.91
359.33	746.34	154.93
365.63	719.61	154.93
362.48	732.98	154.95
378.21	621.61	154.95
375.08	679.53	154.98
356.19	804.27	154.99
356.19	768.62	155.02
359.34	817.64	155.02
378.23	648.36	155.05
362.49	831.00	155.05
378.23	657.26	155.07
378.23	639.45	155.08
356.19	795.36	155.10
378.22	630.54	155.11
356.19	777.53	155.12
365.64	853.26	155.14
356.19	786.45	155.15
365.64	862.17	155.15
378.24	666.17	155.15
359.34	755.26	155.16
371.94	701.80	155.20
365.64	844.36	155.20
365.64	871.08	155.20
375.09	688.44	155.21
359.34	808.73	155.22
368.79	715.16	155.22
362.49	741.89	155.22
365.64	728.53	155.24
362.49	822.09	155.25
365.64	879.99	155.27
378.24	675.08	155.31
365.64	888.90	155.32
365.64	835.45	155.32
359.34	764.17	155.33
365.64	897.81	155.33
359.35	799.81	155.37
390.84	603.77	155.38
359.35	773.08	155.44
362.50	813.18	155.45
359.35	790.90	155.46
362.50	750.80	155.46
381.40	652.81	155.48
359.35	781.99	155.48
365.65	826.54	155.49
381.89	617.16	155.50
375.72	697.35	155.57
372.52	710.71	155.59
378.86	683.99	155.59
382.02	661.72	155.60
381.97	643.90	155.60
366.21	737.44	155.60
369.34	724.08	155.61
369.37	857.72	155.62
369.37	848.81	155.63
369.30	866.63	155.65
363.08	804.27	155.67
369.28	839.90	155.68
381.84	670.63	155.69
362.94	759.72	155.69
369.20	875.54	155.70
388.26	608.48	155.70
366.10	817.63	155.72
381.97	634.62	155.72
384.96	612.91	155.74
369.29	884.78	155.78
381.92	626.08	155.80
363.01	795.03	155.80
369.23	830.72	155.81
369.32	893.34	155.82
363.05	768.57	155.82
366.14	746.23	155.83
378.74	692.74	155.83
375.52	706.12	155.84
362.90	786.47	155.85
381.75	679.45	155.85
362.85	777.53	155.86
372.25	719.53	155.86
369.09	732.90	155.86
365.89	808.78	155.88
384.64	657.26	155.89
384.59	648.36	155.90
368.78	822.07	155.91
371.85	853.26	155.93
365.49	755.30	155.94
384.38	666.20	155.94
371.76	844.34	155.94
371.76	862.18	155.94
365.24	799.73	155.96
384.21	639.39	155.97
371.57	871.11	155.98
371.44	835.36	155.98
397.07	603.47	155.99
381.10	688.25	156.00
377.93	701.61	156.01
371.35	880.03	156.01
368.45	741.67	156.02
365.20	763.87	156.03
368.28	813.50	156.03
374.71	714.93	156.04
384.07	674.77	156.04
371.52	728.27	156.05
365.27	790.90	156.07
371.60	888.90	156.10
365.23	773.08	156.11
365.19	781.99	156.11
371.48	826.53	156.12
371.57	897.81	156.12
384.21	630.54	156.15
387.13	652.81	156.18
384.06	621.32	156.19
368.25	750.81	156.20
368.82	804.26	156.25
387.72	661.72	156.28
393.72	607.87	156.31
384.57	684.00	156.31
381.42	697.36	156.32
371.97	817.62	156.33
375.12	848.81	156.33
387.72	643.90	156.33
375.12	857.72	156.35
375.12	839.90	156.36
378.28	710.73	156.37
371.98	737.45	156.38
368.82	795.35	156.39
387.72	670.63	156.39
375.13	866.63	156.40
375.13	724.09	156.41
368.83	759.72	156.42
375.13	830.99	156.44
375.13	875.54	156.47
368.83	786.44	156.48
371.98	808.71	156.49
368.83	768.63	156.50
403.47	603.85	156.50
368.83	777.54	156.52
375.13	884.45	156.54
387.73	634.98	156.54
375.13	822.08	156.57
387.73	679.55	156.57
384.58	692.91	156.57
375.13	893.36	156.58
390.88	657.27	156.59
371.98	746.36	156.59
390.88	648.35	156.60
381.43	706.28	156.63
371.98	799.80	156.65
390.88	666.18	156.67
375.14	733.00	156.68
378.29	719.64	156.68
378.28	844.35	156.70
378.29	853.27	156.72
375.13	813.17	156.73
378.28	835.44	156.74
371.99	755.27	156.75
371.98	790.90	156.77
390.88	639.44	156.77
390.87	612.77	156.77
378.29	862.18	156.77
387.74	688.46	156.81
390.88	675.09	156.82
409.77	603.86	156.82
378.28	826.53	156.83
371.99	764.18	156.84
378.29	871.09	156.85
371.99	781.99	156.85
387.74	626.07	156.86
400.32	608.32	156.86
387.73	617.20	156.87
384.59	701.83	156.87
371.99	773.08	156.88
394.03	652.81	156.88
375.14	804.26	156.89
375.14	741.91	156.91
378.29	879.99	156.92
394.03	661.73	156.94
381.44	715.19	156.95
394.03	643.89	156.95
378.29	817.62	156.96
378.30	728.55	156.97
378.30	888.90	156.98
378.30	897.81	157.01
375.14	795.35	157.04
390.89	684.01	157.04
394.04	670.64	157.06
381.44	839.90	157.07
381.44	848.81	157.08
375.15	750.82	157.08
416.07	603.87	157.09
390.89	630.52	157.09
387.75	697.38	157.10
381.44	830.99	157.11
378.29	808.71	157.12
381.45	857.72	157.13
397.19	648.35	157.15
375.14	786.44	157.15
406.62	608.33	157.15
397.19	657.27	157.19
375.15	759.72	157.19
384.60	710.74	157.19
381.44	822.07	157.21
381.45	866.63	157.21
378.30	737.46	157.22
375.15	777.53	157.22
394.04	634.97	157.22
375.15	768.63	157.23
381.45	724.10	157.25
394.04	679.56	157.26
397.17	612.79	157.27
378.30	799.80	157.28
397.19	666.19	157.29
381.46	875.54	157.30
397.19	639.43	157.31
390.90	692.92	157.31
422.37	603.87	157.32
400.34	643.89	157.35
381.45	813.16	157.35
381.46	884.45	157.37
412.92	608.33	157.38
400.34	652.82	157.41
378.31	746.37	157.41
384.60	835.44	157.41
381.46	893.36	157.41
384.60	844.36	157.42
387.76	706.29	157.42
378.30	790.89	157.42
397.20	675.10	157.46
384.60	826.53	157.47
403.47	612.79	157.48
384.61	853.27	157.48
404.02	643.63	157.50
400.34	661.73	157.51
394.05	688.47	157.51
384.61	719.66	157.51
381.45	804.25	157.51
381.46	733.01	157.52
378.30	781.98	157.53
378.31	755.27	157.54
428.67	603.88	157.54
403.49	648.36	157.57
384.61	862.18	157.57
384.60	817.61	157.58
419.22	608.33	157.58
378.31	773.08	157.59
378.31	764.18	157.59
390.91	701.84	157.63
394.04	626.05	157.63
409.77	612.79	157.65
397.19	630.51	157.65
400.35	670.65	157.66
403.49	639.42	157.66
384.62	871.09	157.66
390.88	621.59	157.67
400.34	634.96	157.67
381.45	795.34	157.68
397.20	684.02	157.70
403.49	657.28	157.70
381.47	741.92	157.73
384.60	808.70	157.74
406.65	643.89	157.74
387.76	839.90	157.74
387.76	830.99	157.74
384.62	880.00	157.75
387.77	715.21	157.75
434.97	603.89	157.76
400.32	617.23	157.78
425.52	608.34	157.78
391.73	618.72	157.80
384.62	728.57	157.80
384.62	888.90	157.80
387.76	848.82	157.81
381.46	786.43	157.81
416.07	612.79	157.82
387.75	822.07	157.82
394.06	697.39	157.82
384.62	897.81	157.83
394.00	617.24	157.83
403.50	666.19	157.84
400.35	679.56	157.87
406.62	617.23	157.87
406.65	652.82	157.88
381.47	750.82	157.88
380.97	759.73	157.89
387.77	857.73	157.91
380.96	768.62	157.91
384.61	799.79	157.91
390.41	710.77	157.91
381.47	777.53	157.91
397.16	621.63	157.93
396.70	692.95	157.94
400.33	626.07	157.94
431.83	607.62	157.94
441.28	603.17	157.95
387.26	866.64	157.95
387.76	813.15	157.95
403.48	630.52	157.97
384.10	737.48	157.97
402.99	675.12	157.98
386.24	884.44	157.99
422.37	612.79	157.99
403.47	621.65	158.00
390.39	835.45	158.00
387.24	724.13	158.00
406.65	661.74	158.00
412.92	617.23	158.01
409.27	648.36	158.01
406.64	634.97	158.02
384.09	790.88	158.02
383.07	746.36	158.02
409.01	640.54	158.02
390.38	826.53	158.02
399.57	687.37	158.03
393.27	705.18	158.03
386.98	805.35	158.03
386.21	893.35	158.03
389.35	853.26	158.04
383.05	781.99	158.04
387.24	875.55	158.04
390.38	844.37	158.05
438.11	606.12	158.05
408.99	620.56	158.07
390.11	818.74	158.08
405.85	669.52	158.08
418.43	616.11	158.09
427.87	611.65	158.09
447.56	601.63	158.09
409.00	656.15	158.09
389.31	719.63	158.11
406.10	626.09	158.11
383.00	755.26	158.11
383.00	773.08	158.12
386.14	732.99	158.13
401.89	683.99	158.13
386.13	795.35	158.14
382.98	764.17	158.14
389.28	862.17	158.15
395.57	701.81	158.15
411.31	643.90	158.15
408.16	630.54	158.17
389.26	808.72	158.17
392.40	830.99	158.19
408.15	666.17	158.19
416.06	619.35	158.19
435.74	609.33	158.20
410.25	635.01	158.20
516.84	600.03	158.20
411.28	652.81	158.20
425.51	614.87	158.21
409.74	626.07	158.21
392.37	839.90	158.22
412.89	622.33	158.22
510.56	600.03	158.23
404.20	680.62	158.23
385.29	785.35	158.23
392.36	822.08	158.24
445.17	604.85	158.24
385.28	743.00	158.24
391.58	849.90	158.25
388.43	881.09	158.25
389.20	871.08	158.25
388.19	799.84	158.25
410.24	661.70	158.26
391.59	716.25	158.26
397.89	698.42	158.26
388.18	888.89	158.26
406.57	675.06	158.26
412.88	648.35	158.27
431.79	612.66	158.27
391.33	813.20	158.28
422.34	617.85	158.28
400.26	692.86	158.28
388.17	897.81	158.28
412.88	639.46	158.29
385.02	777.55	158.30
384.50	768.63	158.31
454.60	600.36	158.32
384.50	759.72	158.32
385.01	750.79	158.32
393.95	710.68	158.32
388.41	729.59	158.32
441.24	608.20	158.32
391.31	857.70	158.33
412.89	630.54	158.34
393.96	835.44	158.34
393.96	826.54	158.35
419.19	621.59	158.36
412.88	657.25	158.36
387.66	790.92	158.38
409.72	670.61	158.39
390.80	866.61	158.40
416.04	626.06	158.40
450.68	603.73	158.40
390.81	804.28	158.41
403.42	688.41	158.41
428.64	617.13	158.42
387.65	737.42	158.43
393.96	844.34	158.43
393.97	817.64	158.44
390.80	724.05	158.45
416.03	643.90	158.46
416.04	634.99	158.47
438.09	612.67	158.49
397.11	706.23	158.49
390.80	875.53	158.50
416.03	652.80	158.50
412.88	666.16	158.51
513.70	603.74	158.52
406.57	683.96	158.52
387.66	782.00	158.53
425.49	621.59	158.53
419.19	630.53	158.57
393.96	853.25	158.57
519.99	603.75	158.58
390.80	884.44	158.58
422.34	626.06	158.58
447.54	608.21	158.58
387.65	746.34	158.60
390.82	795.37	158.60
393.97	808.74	158.61
390.80	893.35	158.61
397.12	830.99	158.62
416.03	661.71	158.62
419.19	639.45	158.62
409.73	679.51	158.62
507.41	603.74	158.62
434.94	617.13	158.62
387.66	773.09	158.63
400.27	701.77	158.64
419.19	648.35	158.65
397.12	822.09	158.65
393.96	719.60	158.67
387.66	755.26	158.68
397.12	839.89	158.69
387.66	764.18	158.69
527.75	635.09	158.70
412.88	675.06	158.71
456.98	603.75	158.72
431.79	621.60	158.72
390.81	732.97	158.72
393.96	862.16	158.72
419.19	657.26	158.73
422.34	634.99	158.73
444.39	612.67	158.73
403.42	697.32	158.75
428.65	626.06	158.77
390.82	786.46	158.78
425.49	630.52	158.78
422.34	643.90	158.78
416.04	670.61	158.79
397.13	813.19	158.79
475.55	674.89	158.80
393.97	799.83	158.80
529.42	634.99	158.81
516.85	608.22	158.83
422.34	652.80	158.84
397.12	848.79	158.84
441.24	617.14	158.84
501.12	603.74	158.84
406.58	692.87	158.85
393.96	871.07	158.86
397.12	715.14	158.87
419.19	666.16	158.87
453.84	608.22	158.88
425.49	639.44	158.88
400.28	826.54	158.88
523.16	634.99	158.89
510.56	608.22	158.89
438.09	621.60	158.92
409.73	688.42	158.92
390.81	741.89	158.92
390.82	777.55	158.92
400.28	835.44	158.92
425.49	648.35	158.94
422.34	661.71	158.94
526.27	603.76	158.95
526.30	630.57	158.95
428.65	634.98	158.95
393.96	879.98	158.95
434.95	626.06	158.97
400.28	817.64	158.98
431.80	630.52	158.98
412.89	683.97	158.98
479.05	679.52	158.99
393.97	728.52	158.99
397.13	804.28	158.99
523.14	608.23	158.99
450.69	612.68	159.00
393.98	790.92	159.00
393.97	888.90	159.01
393.97	897.81	159.01
425.49	657.26	159.02
397.12	857.70	159.02
400.27	710.69	159.02
479.05	670.65	159.02
390.82	768.63	159.02
482.19	675.08	159.03
416.04	679.52	159.03
428.65	643.90	159.04
390.82	750.80	159.04
463.29	603.76	159.05
526.30	639.41	159.07
390.82	759.72	159.07
419.19	675.07	159.07
513.71	612.69	159.08
400.28	844.34	159.08
520.00	612.70	159.08
447.54	617.15	159.08
472.76	670.65	159.10
520.01	630.54	159.10
428.65	652.81	159.10
483.69	682.42	159.10
504.27	608.22	159.10
431.80	639.44	159.11
422.34	670.61	159.11
472.76	679.51	159.13
494.82	603.75	159.13
444.40	621.61	159.14
403.43	706.24	159.15
403.43	830.99	159.15
485.35	679.53	159.15
425.50	666.16	159.15
434.95	634.98	159.15
523.15	626.10	159.16
400.28	808.73	159.16
403.44	822.09	159.16
482.21	683.97	159.17
469.62	675.08	159.17
441.25	626.07	159.17
431.80	648.35	159.17
438.10	630.53	159.18
393.98	782.00	159.18
475.90	666.20	159.19
516.85	617.16	159.19
397.12	866.62	159.19
460.14	608.23	159.19
428.65	661.71	159.20
397.13	795.37	159.20
520.00	621.63	159.22
397.13	724.06	159.22
520.01	639.43	159.23
393.97	737.43	159.23
406.58	701.78	159.23
516.86	634.99	159.24
485.34	670.64	159.24
434.95	643.90	159.24
516.86	626.09	159.24
431.80	657.26	159.24
469.61	666.19	159.26
523.14	617.17	159.26
466.46	670.63	159.26
482.20	666.19	159.26
507.41	612.69	159.26
475.91	683.96	159.27
403.43	839.89	159.28
400.28	853.25	159.29
456.99	612.69	159.29
409.74	697.33	159.30
434.95	652.81	159.30
438.10	639.44	159.30
397.13	875.53	159.31
403.44	813.18	159.32
513.71	621.62	159.32
393.98	773.09	159.32
526.29	612.71	159.33
510.56	617.16	159.33
412.89	692.88	159.33
441.25	634.99	159.34
488.49	675.08	159.34
453.84	617.15	159.35
416.04	688.43	159.35
438.10	648.35	159.35
513.71	630.54	159.36
428.65	670.62	159.36
472.76	661.74	159.36
425.50	675.07	159.36
422.35	679.52	159.36
419.19	683.97	159.36
431.80	666.17	159.36
526.29	621.64	159.36
466.46	679.52	159.37
406.59	826.54	159.37
444.40	630.53	159.37
479.05	661.74	159.37
469.59	603.77	159.37
450.70	621.61	159.38
434.95	661.71	159.38
463.31	675.08	159.38
463.31	666.18	159.38
447.55	626.07	159.38
393.98	746.35	159.38
400.29	799.82	159.38
397.13	884.44	159.39
438.10	657.26	159.40
397.14	786.46	159.41
529.44	626.10	159.41
441.25	643.90	159.41
466.46	661.73	159.41
400.28	719.61	159.41
397.13	893.35	159.41
497.97	608.22	159.41
393.98	764.18	159.41
488.51	603.76	159.42
529.43	608.25	159.42
460.16	670.63	159.43
469.61	683.97	159.44
488.50	666.18	159.44
393.98	755.26	159.44
441.25	652.81	159.44
513.71	639.44	159.45
523.15	643.88	159.45
406.59	835.44	159.46
485.35	661.73	159.46
444.40	639.45	159.47
406.59	817.64	159.47
460.16	661.73	159.48
510.56	626.08	159.48
488.50	683.98	159.49
441.25	661.72	159.49
444.40	648.36	159.49
457.01	666.18	159.49
400.28	862.16	159.50
438.10	666.17	159.50
444.40	657.26	159.50
516.85	643.89	159.51
532.58	630.55	159.51
491.64	670.63	159.51
469.61	657.28	159.51
475.90	657.28	159.51
397.13	732.98	159.51
403.44	848.80	159.52
447.55	634.99	159.52
434.95	670.62	159.52
510.56	634.99	159.52
466.44	608.24	159.52
479.05	688.42	159.53
453.86	661.72	159.53
463.31	657.27	159.54
447.55	652.81	159.54
447.56	661.72	159.54
403.44	804.27	159.55
447.55	643.90	159.55
450.71	657.27	159.55
450.71	666.17	159.56
431.80	675.07	159.56
457.01	657.27	159.56
457.01	675.08	159.56
482.20	657.28	159.56
453.86	670.63	159.56
444.41	666.17	159.56
403.44	715.16	159.56
491.64	679.53	159.56
450.70	630.53	159.57
460.16	679.53	159.58
501.11	612.70	159.58
507.41	621.62	159.58
397.14	777.54	159.59
532.59	639.43	159.59
450.70	648.36	159.59
453.85	652.81	159.59
529.44	617.17	159.60
475.90	603.78	159.60
482.21	603.77	159.60
499.56	757.55	159.60
428.65	679.53	159.60
491.65	661.73	159.60
453.85	626.08	159.60
441.26	670.62	159.61
463.30	612.70	159.61
472.76	688.43	159.61
485.35	688.43	159.61
400.29	790.91	159.61
532.57	603.79	159.61
409.75	830.99	159.61
450.70	639.45	159.62
447.56	670.62	159.62
409.75	822.09	159.62
460.15	652.82	159.62
504.26	617.16	159.63
457.00	621.62	159.63
466.45	652.82	159.64
510.56	643.90	159.64
488.50	657.27	159.64
463.31	683.98	159.64
460.15	617.16	159.64
425.50	683.98	159.65
494.80	666.18	159.65
472.75	652.82	159.65
507.41	630.54	159.66
400.29	871.08	159.66
529.44	643.88	159.66
406.59	710.70	159.67
453.85	643.90	159.67
457.00	648.36	159.67
450.71	675.08	159.67
494.80	675.08	159.68
438.10	675.07	159.68
507.41	639.45	159.68
479.05	652.82	159.69
501.10	755.28	159.69
453.85	634.99	159.69
406.60	808.73	159.69
422.35	688.43	159.69
406.59	844.34	159.70
513.70	648.35	159.71
520.00	648.34	159.71
397.14	741.90	159.71
444.41	675.08	159.71
397.14	768.63	159.72
463.30	648.36	159.72
409.74	706.25	159.73
494.80	657.27	159.73
419.20	692.89	159.73
485.35	652.82	159.73
453.86	679.53	159.73
491.66	608.23	159.75
416.05	697.34	159.75
412.90	701.80	159.75
457.00	639.45	159.76
497.95	661.72	159.76
434.95	679.53	159.76
400.29	728.53	159.76
507.40	648.35	159.76
400.29	879.99	159.76
466.46	688.43	159.76
460.15	643.91	159.77
457.00	630.54	159.77
403.44	857.71	159.77
469.60	648.36	159.77
491.65	652.82	159.78
412.90	826.54	159.78
497.95	670.63	159.78
504.26	643.90	159.78
403.45	795.36	159.79
400.29	897.81	159.80
497.96	759.71	159.80
397.14	759.72	159.80
504.26	634.99	159.80
397.14	750.81	159.80
497.95	652.81	159.81
400.29	888.90	159.81
504.26	626.08	159.82
457.01	683.98	159.82
400.30	782.00	159.82
501.10	657.27	159.82
475.90	648.37	159.82
409.75	813.18	159.82
447.56	679.53	159.82
472.75	608.25	159.82
504.25	652.81	159.82
501.10	648.36	159.83
532.59	621.63	159.83
441.26	679.53	159.83
532.59	612.72	159.83
510.55	652.80	159.84
460.15	626.08	159.84
409.75	839.89	159.84
526.30	648.34	159.85
475.91	692.89	159.85
482.20	692.89	159.85
431.80	683.98	159.85
466.45	643.91	159.85
460.15	634.99	159.86
482.20	648.37	159.86
501.10	666.17	159.87
494.80	648.36	159.87
494.80	683.99	159.87
463.30	639.45	159.88
488.50	648.36	159.88
491.65	688.44	159.89
516.85	652.80	159.89
501.11	639.45	159.89
507.40	657.26	159.91
504.25	661.72	159.91
463.30	621.63	159.91
497.96	643.91	159.91
497.95	679.53	159.93
472.75	643.91	159.93
412.90	817.63	159.93
460.16	688.44	159.93
469.60	612.71	159.94
450.71	683.98	159.94
412.90	835.44	159.94
469.61	692.89	159.94
406.60	799.82	159.94
428.65	688.44	159.95
466.45	617.17	159.96
501.11	621.63	159.96
403.45	724.07	159.96
438.11	683.98	159.96
463.30	630.54	159.97
494.81	612.70	159.98
536.35	634.99	159.99
504.25	759.72	159.99
488.50	692.89	159.99
501.11	630.54	159.99
400.30	773.09	159.99
444.41	683.99	159.99
485.36	608.24	159.99
479.05	643.91	159.99
501.10	675.08	160.00
406.60	853.26	160.00
469.60	639.45	160.00
491.65	643.91	160.00
416.06	830.99	160.00
479.05	608.25	160.01
513.70	657.26	160.01
466.45	635.00	160.02
403.45	786.45	160.02
523.15	652.80	160.02
416.05	822.08	160.02
485.35	643.91	160.03
497.96	617.17	160.04
425.50	692.89	160.04
419.21	826.54	160.05
504.25	670.63	160.06
404.06	866.62	160.06
494.81	639.45	160.07
510.55	661.72	160.07
497.96	635.00	160.07
453.86	688.44	160.08
409.75	804.27	160.08
507.40	666.17	160.08
400.86	737.44	160.09
463.31	692.89	160.09
466.45	626.08	160.09
475.90	639.45	160.10
434.96	688.44	160.10
479.05	697.35	160.11
497.95	750.81	160.12
422.35	697.35	160.12
536.16	626.09	160.13
494.41	755.27	160.14
536.22	608.26	160.14
504.25	750.81	160.15
485.35	697.35	160.16
520.00	657.26	160.16
472.76	697.35	160.16
472.75	635.00	160.16
447.56	688.44	160.16
400.75	764.17	160.17
469.60	630.54	160.17
403.83	875.53	160.17
441.26	688.44	160.18
488.50	639.45	160.18
482.20	639.45	160.18
407.26	719.97	160.19
400.65	746.35	160.20
423.38	827.91	160.20
507.96	755.26	160.20
410.24	849.07	160.24
497.43	626.08	160.24
400.82	754.91	160.24
419.92	702.10	160.25
533.11	648.59	160.25
407.13	790.60	160.25
470.18	621.63	160.25
410.21	715.40	160.25
413.43	808.43	160.26
536.10	644.09	160.26
498.66	688.78	160.26
456.75	693.27	160.26
404.03	884.42	160.27
422.11	830.87	160.27
404.02	893.37	160.27
403.87	777.29	160.27
432.04	693.22	160.27
501.70	684.29	160.27
536.32	617.16	160.27
416.52	706.47	160.27
495.46	693.19	160.27
501.23	764.30	160.28
476.11	613.00	160.28
413.29	710.90	160.28
517.55	661.99	160.29
504.68	679.76	160.30
466.55	697.86	160.30
529.78	652.95	160.30
491.45	634.70	160.31
406.97	862.06	160.31
479.24	634.73	160.32
403.77	732.88	160.32
413.06	844.43	160.32
507.67	675.22	160.33
514.01	666.31	160.33
416.42	813.41	160.33
473.11	617.36	160.33
491.74	697.74	160.33
494.48	630.38	160.34
510.75	670.72	160.34
501.10	746.36	160.34
476.11	630.45	160.35
450.52	692.99	160.35
409.83	795.39	160.36
482.20	701.79	160.36
438.06	692.87	160.36
472.84	626.04	160.37
415.80	840.12	160.37
526.29	657.07	160.37
475.89	701.67	160.37
485.34	635.02	160.38
419.05	817.71	160.38
538.99	603.78	160.38
538.72	630.51	160.38
418.98	835.34	160.38
428.60	697.17	160.38
421.92	822.31	160.38
403.33	768.60	160.38
538.66	639.52	160.38
510.23	759.54	160.38
444.40	692.69	160.38
488.36	612.87	160.39
460.45	697.06	160.39
424.94	826.54	160.40
406.29	781.88	160.40
510.08	751.06	160.40
507.24	763.95	160.41
495.00	621.68	160.41
488.33	701.57	160.42
406.27	871.14	160.42
492.22	759.39	160.43
507.16	746.69	160.43
403.02	741.97	160.43
492.33	751.18	160.44
481.85	612.54	160.44
412.50	800.04	160.45
402.89	759.66	160.45
495.08	746.74	160.45
469.83	701.49	160.45
495.02	763.87	160.46
406.27	728.35	160.46
522.92	661.40	160.46
409.40	857.51	160.46
402.93	750.44	160.49
425.26	701.46	160.49
538.44	612.42	160.50
406.07	898.18	160.50
406.10	879.64	160.50
492.06	616.99	160.50
538.39	621.97	160.50
501.11	692.90	160.53
513.71	755.26	160.54
453.86	697.36	160.54
497.96	697.36	160.54
406.24	888.90	160.55
504.26	688.45	160.55
409.24	786.44	160.55
520.00	666.18	160.56
415.47	804.26	160.56
434.96	697.36	160.56
488.50	630.54	160.56
504.25	741.90	160.57
482.20	630.54	160.57
497.95	741.90	160.57
406.08	773.08	160.58
485.35	706.27	160.58
507.41	684.00	160.58
494.81	701.81	160.59
479.05	706.27	160.59
475.91	621.63	160.59
409.22	724.09	160.60
516.85	670.63	160.61
463.30	701.82	160.61
510.56	679.54	160.61
513.71	675.09	160.62
447.56	697.36	160.62
491.65	626.08	160.63
412.31	853.27	160.63
441.26	697.36	160.64
422.36	706.27	160.64
491.65	706.27	160.66
504.25	768.64	160.66
472.75	706.27	160.67
535.76	652.82	160.67
479.06	626.08	160.69
513.71	746.35	160.69
532.61	657.27	160.70
513.71	764.18	160.70
479.06	617.18	160.71
538.91	648.36	160.71
488.49	755.27	160.72
419.22	808.71	160.72
501.10	737.44	160.72
510.56	741.89	160.72
419.21	710.73	160.72
497.95	768.64	160.72
516.86	759.72	160.74
516.86	750.81	160.74
457.00	701.82	160.74
412.92	719.64	160.75
491.65	741.90	160.75
431.81	701.82	160.75
412.92	790.89	160.76
482.20	710.73	160.76
488.50	710.73	160.76
416.07	715.19	160.76
529.46	661.73	160.77
409.77	866.63	160.77
494.80	737.44	160.78
406.62	737.45	160.79
406.62	764.17	160.79
466.45	706.28	160.79
510.56	768.64	160.80
507.40	737.44	160.80
542.07	634.99	160.80
488.50	746.35	160.81
497.96	706.27	160.82
501.11	701.82	160.82
422.37	813.16	160.82
409.77	777.53	160.83
475.90	710.73	160.83
416.07	848.82	160.83
526.31	666.19	160.84
504.26	697.36	160.84
494.81	710.72	160.84
497.95	732.99	160.85
450.70	701.83	160.85
520.01	755.26	160.86
507.41	692.91	160.88
438.11	701.83	160.88
542.06	643.91	160.88
504.25	732.98	160.88
485.35	715.18	160.89
491.65	715.18	160.89
416.07	795.35	160.89
523.16	670.64	160.90
542.07	608.27	160.90
406.62	755.26	160.90
444.41	701.83	160.91
419.22	844.37	160.91
406.62	746.36	160.91
485.35	626.07	160.91
510.56	688.46	160.92
425.52	817.62	160.93
491.65	732.99	160.93
409.78	875.54	160.93
428.66	706.28	160.94
520.01	675.10	160.94
494.80	728.53	160.94
460.15	706.28	160.94
422.37	839.92	160.94
513.71	684.00	160.95
516.86	741.89	160.95
542.07	626.08	160.95
501.10	728.53	160.95
516.86	679.55	160.96
479.05	715.18	160.96
488.50	737.44	160.96
469.60	710.73	160.96
425.53	835.47	160.96
488.50	719.63	160.96
494.80	719.63	160.96
520.01	746.35	160.97
497.96	715.18	160.97
513.71	737.44	160.97
409.78	893.35	160.97
520.01	764.18	160.98
491.65	724.08	160.98
485.34	750.81	160.98
497.95	724.08	160.98
488.49	764.19	160.98
409.78	884.45	160.99
501.11	710.72	161.00
516.86	768.64	161.00
412.92	781.98	161.00
507.40	773.10	161.01
501.10	773.11	161.01
419.22	799.80	161.02
510.56	732.98	161.02
542.07	617.18	161.02
491.64	768.65	161.02
488.50	728.54	161.02
409.77	768.62	161.03
523.16	759.72	161.03
409.78	733.00	161.04
482.20	719.64	161.04
523.16	750.81	161.04
501.11	719.63	161.05
412.93	862.18	161.05
504.26	706.27	161.05
485.34	741.90	161.05
485.35	724.09	161.06
507.41	728.53	161.06
488.50	621.63	161.06
428.69	831.01	161.07
504.26	724.08	161.07
485.35	617.19	161.08
453.85	706.29	161.08
485.34	759.73	161.08
428.68	822.07	161.09
538.91	657.28	161.09
472.75	715.19	161.09
535.76	661.74	161.10
425.52	710.75	161.10
485.35	732.99	161.10
507.41	701.82	161.11
463.30	710.74	161.12
434.96	706.29	161.12
513.71	773.10	161.12
504.26	715.17	161.13
422.37	804.25	161.13
532.61	666.19	161.14
542.07	652.82	161.14
526.31	755.26	161.15
416.07	786.43	161.16
482.21	621.62	161.16
447.55	706.29	161.17
494.79	773.11	161.18
475.90	719.64	161.18
510.56	697.37	161.18
409.78	759.71	161.19
482.20	728.54	161.19
545.23	639.45	161.19
441.26	706.29	161.20
529.46	670.65	161.20
520.01	737.43	161.21
523.16	741.89	161.21
507.41	719.62	161.21
479.05	724.09	161.21
412.93	728.56	161.22
482.19	746.36	161.22
523.16	768.64	161.22
516.86	732.98	161.22
526.31	764.18	161.23
412.93	773.07	161.23
507.41	710.72	161.23
482.19	737.45	161.23
422.37	715.20	161.23
526.31	746.35	161.24
545.23	603.82	161.24
513.71	728.53	161.24
510.56	724.07	161.24
409.78	741.91	161.24
513.72	692.92	161.25
425.53	808.70	161.25
526.31	675.10	161.26
416.08	857.74	161.26
482.18	755.27	161.26
466.45	715.20	161.27
412.94	871.09	161.27
409.78	750.81	161.28
457.00	710.75	161.28
520.01	773.10	161.28
545.22	648.37	161.29
419.23	790.89	161.29
529.46	759.72	161.29
516.87	688.46	161.30
523.16	679.56	161.30
485.10	620.23	161.30
529.46	750.81	161.30
504.25	777.57	161.31
416.08	724.11	161.31
419.23	719.66	161.31
545.23	630.53	161.31
520.02	684.01	161.31
412.94	897.80	161.32
510.55	777.57	161.33
598.74	750.81	161.34
598.74	741.90	161.34
510.56	706.27	161.35
598.74	759.72	161.35
479.04	733.00	161.35
431.81	710.76	161.36
510.56	715.17	161.36
412.94	879.99	161.36
469.60	719.65	161.37
412.94	888.90	161.37
598.74	732.99	161.38
428.68	813.16	161.39
497.95	777.57	161.39
532.61	755.26	161.40
598.74	768.63	161.40
416.08	777.52	161.40
431.84	826.54	161.41
419.24	853.29	161.41
422.38	795.34	161.41
479.04	741.90	161.41
475.89	728.55	161.42
545.24	612.73	161.42
516.86	777.56	161.42
472.75	724.10	161.42
450.70	710.75	161.42
529.46	768.64	161.42
412.93	764.16	161.43
598.74	724.08	161.43
595.59	755.27	161.44
513.71	719.62	161.44
532.61	764.18	161.44
595.59	746.35	161.44
485.33	768.65	161.45
526.31	737.43	161.45
529.46	741.89	161.46
460.15	715.20	161.46
526.31	773.10	161.46
523.16	732.98	161.46
542.07	661.74	161.46
513.72	701.82	161.46
479.03	750.82	161.46
595.59	764.18	161.47
538.91	666.20	161.47
598.74	777.54	161.47
595.59	737.44	161.47
516.86	724.07	161.47
520.01	728.52	161.48
545.24	621.63	161.48
532.61	746.35	161.48
488.49	773.12	161.49
438.11	710.76	161.49
598.73	715.17	161.49
422.39	848.84	161.49
482.18	764.19	161.49
444.40	710.76	161.50
535.76	759.72	161.50
535.76	670.66	161.51
545.22	657.28	161.51
595.59	728.53	161.52
595.59	773.09	161.52
513.72	710.72	161.53
425.53	799.79	161.53
535.76	750.80	161.53
425.54	844.39	161.53
592.44	750.81	161.53
548.38	643.90	161.54
592.44	759.72	161.54
412.94	737.46	161.54
419.23	781.98	161.54
523.16	777.56	161.54
592.44	741.90	161.56
475.89	737.45	161.56
598.73	706.26	161.56
431.84	817.61	161.56
532.62	675.11	161.57
428.69	839.94	161.57
516.87	697.37	161.57
598.74	786.45	161.57
592.44	768.63	161.58
412.94	755.26	161.58
428.67	715.22	161.58
416.10	866.64	161.58
463.29	719.66	161.58
507.40	782.03	161.59
595.58	719.62	161.59
538.91	755.26	161.60
535.76	768.64	161.60
491.64	777.58	161.60
592.44	732.99	161.61
595.59	782.00	161.61
513.70	782.03	161.61
589.29	755.26	161.61
479.03	759.73	161.61
532.61	773.10	161.62
416.09	768.61	161.62
548.39	634.98	161.62
538.91	764.18	161.62
529.47	679.57	161.63
548.37	652.82	161.63
589.29	746.35	161.63
589.29	764.18	161.63
501.10	782.03	161.63
453.85	715.21	161.64
412.94	746.36	161.64
592.44	777.54	161.65
598.73	697.35	161.65
472.74	733.01	161.65
475.88	746.36	161.65
516.87	715.17	161.65
520.02	692.92	161.65
428.68	804.25	161.66
431.84	835.48	161.66
466.44	724.11	161.66
595.58	710.71	161.66
422.38	786.43	161.67
526.32	684.02	161.67
592.44	724.08	161.67
535.76	741.89	161.67
589.29	737.44	161.68
542.06	759.72	161.68
532.61	737.43	161.68
529.46	777.56	161.68
589.29	773.09	161.68
538.91	746.35	161.68
469.59	728.56	161.68
523.17	688.47	161.68
520.01	782.02	161.69
586.14	759.72	161.69
586.14	750.81	161.69
529.46	732.97	161.70
516.87	706.27	161.70
598.74	795.37	161.70
542.06	750.80	161.71
520.02	719.61	161.71
526.31	728.52	161.72
586.14	768.63	161.72
595.59	790.91	161.72
416.10	875.54	161.73
416.10	893.35	161.73
523.17	724.06	161.73
586.14	741.90	161.73
589.29	728.53	161.74
595.58	701.80	161.74
542.06	768.64	161.75
592.44	786.45	161.75
598.73	688.44	161.75
592.43	715.17	161.75
545.21	755.26	161.75
582.99	755.26	161.75
538.91	773.10	161.76
582.99	764.18	161.76
416.10	884.44	161.76
425.53	719.68	161.76
545.21	764.18	161.76
416.10	733.02	161.77
589.29	782.00	161.77
475.88	755.28	161.77
494.79	782.04	161.77
447.55	715.22	161.77
434.96	715.23	161.78
419.24	773.06	161.78
582.99	746.35	161.78
526.31	782.02	161.79
425.53	790.88	161.79
545.22	666.20	161.79
586.14	777.54	161.79
548.40	608.28	161.79
586.14	732.99	161.80
472.73	741.91	161.80
542.07	670.66	161.80
431.84	808.70	161.80
535.76	777.56	161.80
548.36	759.72	161.80
456.99	719.67	161.80
579.84	759.72	161.81
435.00	822.07	161.81
582.99	773.09	161.81
416.09	759.70	161.81
548.37	661.74	161.82
579.84	750.81	161.82
589.28	719.62	161.82
551.53	648.36	161.83
592.43	706.26	161.83
579.84	768.63	161.83
441.26	715.23	161.83
595.58	692.89	161.84
545.21	746.34	161.84
419.25	862.20	161.84
582.99	737.44	161.84
548.36	750.80	161.84
542.06	741.89	161.84
598.74	804.28	161.85
538.92	675.12	161.85
435.00	831.01	161.85
510.55	786.49	161.85
548.36	768.64	161.85
576.69	755.26	161.86
576.69	764.18	161.86
551.50	755.26	161.86
595.59	799.82	161.86
551.50	764.18	161.86
520.03	701.82	161.86
538.91	737.43	161.87
545.21	773.09	161.87
482.18	773.12	161.87
520.02	710.71	161.87
598.73	679.53	161.87
592.44	795.37	161.87
579.84	741.90	161.87
504.25	786.49	161.88
516.85	786.49	161.88
422.39	724.14	161.88
586.14	724.08	161.88
589.29	790.91	161.88
532.61	782.02	161.89
573.54	759.72	161.89
419.24	728.58	161.89
548.41	626.06	161.89
551.54	639.44	161.89
554.65	759.72	161.89
586.14	786.46	161.89
576.69	746.35	161.90
582.99	782.00	161.90
428.69	795.33	161.90
485.33	777.58	161.90
479.03	768.66	161.90
579.84	777.54	161.90
535.76	732.97	161.90
576.69	773.09	161.91
542.06	777.55	161.91
469.58	737.46	161.91
589.28	710.71	161.91
573.54	750.81	161.91
573.54	768.63	161.91
551.52	657.28	161.91
422.39	777.52	161.91
460.14	724.12	161.92
570.40	764.18	161.92
535.77	679.57	161.92
548.40	617.18	161.92
592.43	697.35	161.92
570.40	755.26	161.92
557.80	764.18	161.92
557.80	755.26	161.92
554.65	768.63	161.92
582.99	728.53	161.93
554.65	750.80	161.93
472.73	750.82	161.93
567.25	759.72	161.93
560.95	759.72	161.93
523.16	786.48	161.93
564.10	764.18	161.94
551.50	746.35	161.94
564.10	755.26	161.94
551.50	773.09	161.94
532.61	728.51	161.94
595.58	683.98	161.95
567.25	768.63	161.95
416.10	750.80	161.96
579.84	732.98	161.96
560.95	768.63	161.96
567.25	750.80	161.96
466.43	733.02	161.97
560.95	750.80	161.97
497.95	786.49	161.97
548.36	741.89	161.97
570.40	773.09	161.97
523.17	715.16	161.97
463.29	728.57	161.97
570.40	746.35	161.97
586.13	715.17	161.97
576.69	737.44	161.97
538.91	782.01	161.98
573.54	741.89	161.98
573.54	777.55	161.98
416.10	741.91	161.98
529.47	724.06	161.98
548.35	777.55	161.98
475.87	764.20	161.98
488.49	782.04	161.99
434.99	813.16	161.99
557.80	773.09	161.99
532.62	684.03	161.99
589.28	701.80	161.99
564.10	773.09	161.99
576.69	782.00	162.00
419.24	764.15	162.00
557.80	746.35	162.00
523.18	697.38	162.00
526.32	719.60	162.00
450.69	719.68	162.00
529.46	786.48	162.01
545.21	737.43	162.01
564.10	746.35	162.01
579.84	786.46	162.01
598.73	813.19	162.01
592.43	688.44	162.02
582.99	790.91	162.02
422.40	857.76	162.02
431.84	799.79	162.02
595.59	808.73	162.02
582.99	719.62	162.02
586.14	795.37	162.02
592.44	804.28	162.03
589.29	799.82	162.03
598.73	670.61	162.03
425.54	781.97	162.03
567.25	777.55	162.03
554.65	777.55	162.03
554.65	741.89	162.04
567.25	741.89	162.04
545.20	782.01	162.05
560.95	777.55	162.05
529.47	688.49	162.05
419.26	897.80	162.05
579.84	724.07	162.06
542.06	732.97	162.06
586.13	706.26	162.06
431.82	719.70	162.06
560.95	741.89	162.06
526.33	692.93	162.06
548.37	670.65	162.06
570.39	782.00	162.07
570.39	737.44	162.07
469.58	746.37	162.07
554.68	652.81	162.07
535.76	786.47	162.08
419.26	871.09	162.08
576.69	728.53	162.08
551.52	666.19	162.08
573.54	732.98	162.08
589.28	692.89	162.08
595.58	675.07	162.08
551.50	737.43	162.09
545.22	675.11	162.09
551.50	782.01	162.09
573.54	786.46	162.10
523.18	706.26	162.10
425.55	853.32	162.10
513.70	790.95	162.10
472.72	759.74	162.10
564.10	782.00	162.11
557.80	782.01	162.11
491.64	786.49	162.11
554.69	643.89	162.12
507.40	790.95	162.12
582.98	710.71	162.12
564.10	737.43	162.12
520.00	790.94	162.12
538.91	728.51	162.12
419.26	888.90	162.12
576.69	790.91	162.13
438.15	826.54	162.13
428.70	848.87	162.13
551.55	630.51	162.13
557.80	737.43	162.13
592.43	679.52	162.13
542.05	786.47	162.14
428.69	786.42	162.14
444.40	719.69	162.14
419.26	879.99	162.14
422.39	768.61	162.14
554.67	661.73	162.14
586.13	697.35	162.15
579.84	795.37	162.15
431.85	844.41	162.15
542.07	679.57	162.16
567.25	786.46	162.16
526.30	790.94	162.16
548.36	732.97	162.16
579.84	715.16	162.16
434.99	804.25	162.16
453.84	724.13	162.16
567.24	732.98	162.16
582.99	799.83	162.17
501.10	790.95	162.18
548.35	786.47	162.18
438.11	719.70	162.18
551.57	603.83	162.18
586.14	804.28	162.18
466.43	741.92	162.18
589.28	683.98	162.18
598.73	822.10	162.19
589.29	808.74	162.19
576.69	719.62	162.19
560.95	786.46	162.19
535.76	724.05	162.19
419.25	755.25	162.19
570.39	728.52	162.19
595.58	817.65	162.19
592.43	813.19	162.19
554.65	786.47	162.20
573.54	724.07	162.20
435.00	839.95	162.20
582.98	701.80	162.21
570.39	790.92	162.21
438.15	817.61	162.21
532.60	790.94	162.21
560.95	732.97	162.21
554.65	732.97	162.21
469.57	755.28	162.23
586.13	688.44	162.23
431.84	790.88	162.24
526.33	710.70	162.24
598.72	661.69	162.24
545.21	728.51	162.24
479.03	777.57	162.24
538.92	684.04	162.25
573.54	795.37	162.25
538.90	790.93	162.25
532.62	719.60	162.25
579.83	706.26	162.26
463.28	737.47	162.26
456.98	728.58	162.26
482.18	782.03	162.26
564.10	790.92	162.26
425.54	773.06	162.26
557.82	657.27	162.27
595.58	666.15	162.27
564.09	728.52	162.27
475.87	773.11	162.27
419.26	737.47	162.28
494.79	790.95	162.28
529.47	715.14	162.28
545.20	790.93	162.28
582.98	692.89	162.28
576.69	799.83	162.29
554.66	670.65	162.29
460.13	733.03	162.29
592.43	670.61	162.29
557.80	790.92	162.29
551.51	675.11	162.29
576.69	710.71	162.30
551.50	790.92	162.30
551.50	728.51	162.30
557.83	648.35	162.30
551.57	612.73	162.30
485.33	786.49	162.31
557.80	728.52	162.31
567.24	724.07	162.31
589.28	675.07	162.31
554.70	634.96	162.31
438.15	835.48	162.31
428.68	724.16	162.31
579.84	804.28	162.32
526.34	701.82	162.32
573.54	715.16	162.32
567.24	795.38	162.32
557.82	666.19	162.33
570.39	719.61	162.33
419.26	746.35	162.33
542.06	724.05	162.33
516.85	795.40	162.33
579.83	697.35	162.33
586.13	679.53	162.34
548.36	679.57	162.34
582.99	808.74	162.34
434.99	795.33	162.34
523.15	795.40	162.34
472.72	768.66	162.34
510.55	795.41	162.35
438.15	808.70	162.35
535.77	688.50	162.35
466.42	750.83	162.36
586.14	813.19	162.36
422.40	759.70	162.36
582.99	683.98	162.37
529.45	795.40	162.37
428.69	777.51	162.37
598.73	831.01	162.37
589.28	817.65	162.37
595.58	826.56	162.37
592.43	822.10	162.37
560.95	795.38	162.38
551.56	621.64	162.38
447.54	724.15	162.38
570.39	799.83	162.38
576.69	701.80	162.38
560.94	724.06	162.38
504.25	795.41	162.39
535.75	795.39	162.39
488.49	790.95	162.39
421.90	893.34	162.40
579.84	688.44	162.40
548.35	724.05	162.41
422.42	866.65	162.41
554.65	795.38	162.41
542.05	795.39	162.41
560.97	661.72	162.41
421.90	733.06	162.42
548.35	795.38	162.42
554.65	724.06	162.42
573.54	706.26	162.42
545.21	684.03	162.42
425.56	727.89	162.42
573.54	804.29	162.43
557.33	639.41	162.43
538.91	719.59	162.43
564.09	719.61	162.43
599.48	653.85	162.44
469.57	764.20	162.44
576.69	692.90	162.44
440.79	831.02	162.44
557.81	675.10	162.44
441.30	822.08	162.44
421.89	875.54	162.45
570.39	710.71	162.45
560.98	652.80	162.45
532.63	692.95	162.45
421.89	884.44	162.45
567.24	715.16	162.45
564.09	799.83	162.45
560.96	670.64	162.46
529.49	697.39	162.46
431.84	781.97	162.46
434.97	723.42	162.46
463.27	746.38	162.46
441.25	723.42	162.46
438.14	799.79	162.47
497.94	795.41	162.47
554.66	679.56	162.47
582.99	675.07	162.47
576.69	808.74	162.47
586.14	670.61	162.47
434.22	787.51	162.47
421.63	751.89	162.47
579.84	679.53	162.48
553.15	608.27	162.48
460.90	740.84	162.48
589.28	666.15	162.49
425.54	764.15	162.49
573.54	697.35	162.49
482.99	789.81	162.49
476.66	780.92	162.49
450.68	727.85	162.49
479.82	785.38	162.49
576.69	683.99	162.49
535.77	715.87	162.49
424.77	861.10	162.50
492.43	794.30	162.50
484.36	792.82	162.50
592.43	661.69	162.50
528.97	706.24	162.50
542.07	687.75	162.50
579.84	813.20	162.50
557.79	719.61	162.50
599.50	838.83	162.51
557.80	799.84	162.51
485.35	793.09	162.51
466.94	759.75	162.51
531.85	711.78	162.51
427.91	769.71	162.51
564.11	666.17	162.51
590.06	825.46	162.51
553.90	627.18	162.51
596.36	834.37	162.51
595.57	657.23	162.51
560.20	644.99	162.51
520.00	799.11	162.51
454.62	731.92	162.52
593.21	829.91	162.52
526.30	799.11	162.52
551.50	799.10	162.52
551.50	720.33	162.52
439.74	804.26	162.52
545.20	719.59	162.52
567.24	804.29	162.52
457.77	736.36	162.52
473.51	776.45	162.52
573.54	688.44	162.52
532.60	799.11	162.52
420.84	741.90	162.53
570.39	701.80	162.53
513.70	799.11	162.53
563.60	657.25	162.53
582.98	817.65	162.53
551.51	684.02	162.53
545.20	799.10	162.53
586.13	821.37	162.53
538.90	799.10	162.53
508.19	798.75	162.54
564.10	675.09	162.54
564.87	711.81	162.54
571.17	807.64	162.54
501.10	797.63	162.54
464.85	755.26	162.54
553.11	617.18	162.54
440.77	813.16	162.55
560.95	679.55	162.55
560.94	715.16	162.55
548.35	686.26	162.55
580.62	671.72	162.55
573.54	679.53	162.55
567.24	706.26	162.56
561.73	803.18	162.56
576.69	675.07	162.56
437.34	792.01	162.56
570.39	692.90	162.56
557.02	682.90	162.56
542.05	717.37	162.57
567.26	670.63	162.57
434.18	847.71	162.57
538.90	690.71	162.57
442.85	826.54	162.57
570.39	683.99	162.57
427.89	856.62	162.57
431.03	852.16	162.57
471.17	773.08	162.57
583.00	668.39	162.57
566.47	662.83	162.58
430.24	773.08	162.58
573.55	810.96	162.58
567.25	679.54	162.58
554.65	717.39	162.58
436.54	844.35	162.58
423.94	897.81	162.58
570.40	675.08	162.58
568.82	697.36	162.58
554.65	802.04	162.58
564.10	681.77	162.59
568.82	688.45	162.59
573.55	672.86	162.59
423.93	755.26	162.59
562.52	648.36	162.59
566.46	685.10	162.60
548.35	717.41	162.60
585.36	665.07	162.60
568.81	666.17	162.60
560.95	684.72	162.61
571.18	669.53	162.61
575.91	814.27	162.61
554.65	686.20	162.61
566.47	700.70	162.61
576.70	669.90	162.61
564.10	806.47	162.61
438.88	841.01	162.61
548.35	802.01	162.61
556.21	630.54	162.61
444.41	726.29	162.62
462.54	751.92	162.62
566.73	692.90	162.62
557.02	714.08	162.62
563.59	706.28	162.62
494.80	797.54	162.63
564.10	688.44	162.63
542.05	802.00	162.63
439.65	795.35	162.63
560.96	710.00	162.63
468.84	769.73	162.63
545.98	689.53	162.64
535.75	801.99	162.64
432.57	776.44	162.64
529.45	801.99	162.64
557.81	804.98	162.64
579.08	818.71	162.64
586.16	826.51	162.64
567.26	809.43	162.64
598.76	844.33	162.64
488.52	796.05	162.64
523.15	801.98	162.64
588.53	660.64	162.64
564.86	651.72	162.65
551.50	715.20	162.65
579.85	666.19	162.65
431.81	726.27	162.65
557.80	688.43	162.65
589.31	830.97	162.65
595.61	839.88	162.65
567.23	657.28	162.65
573.55	666.19	162.65
423.89	888.90	162.65
539.68	714.10	162.66
564.11	697.36	162.66
592.46	835.42	162.66
516.85	801.97	162.66
551.50	689.16	162.66
504.26	800.50	162.66
442.81	817.63	162.66
551.50	804.23	162.67
582.24	823.15	162.67
459.66	746.33	162.67
423.89	871.08	162.67
570.39	661.73	162.67
442.01	807.61	162.67
426.26	758.63	162.67
435.45	782.02	162.68
536.53	693.97	162.68
560.95	692.89	162.68
570.41	813.15	162.68
595.63	652.12	162.68
510.55	801.94	162.68
423.87	879.99	162.68
545.20	714.48	162.68
441.75	799.83	162.69
591.69	656.21	162.69
475.92	786.41	162.69
422.84	746.38	162.69
479.07	790.87	162.70
545.20	804.23	162.70
560.96	701.81	162.70
442.00	836.52	162.70
558.54	633.92	162.70
598.26	648.41	162.70
560.96	808.69	162.71
535.73	710.76	162.71
560.91	639.48	162.71
555.11	603.79	162.71
472.78	781.96	162.71
554.66	710.74	162.71
583.00	661.75	162.71
538.90	804.23	162.72
457.03	741.88	162.72
530.98	701.81	162.72
465.72	765.23	162.72
429.14	764.21	162.72
438.08	786.47	162.72
557.81	706.27	162.72
542.04	692.86	162.72
438.11	726.19	162.72
554.65	692.89	162.73
532.60	804.22	162.73
463.34	759.70	162.73
497.96	800.48	162.73
482.21	795.32	162.73
573.56	817.60	162.73
526.30	804.22	162.74
576.70	661.74	162.74
446.81	729.56	162.74
557.81	697.35	162.74
450.73	732.95	162.74
548.35	692.88	162.75
444.88	822.09	162.75
444.36	830.97	162.75
520.00	804.22	162.75
453.88	737.41	162.76
423.07	738.52	162.76
555.11	621.64	162.76
532.57	706.30	162.76
469.63	777.51	162.77
431.78	768.65	162.77
576.71	822.06	162.77
554.65	808.69	162.77
548.35	710.74	162.78
555.10	612.71	162.78
513.70	804.21	162.78
564.11	813.15	162.78
564.07	643.93	162.79
491.66	799.76	162.79
586.16	657.30	162.79
425.45	893.36	162.79
441.23	790.92	162.79
554.66	701.81	162.79
573.54	657.29	162.80
579.86	826.51	162.80
533.34	698.40	162.80
542.05	710.75	162.80
425.45	732.92	162.81
460.18	755.25	162.81
551.50	697.34	162.81
444.38	804.27	162.82
551.51	706.28	162.82
425.47	750.84	162.82
507.41	804.21	162.82
548.35	808.69	162.82
598.76	853.24	162.82
583.01	830.97	162.83
567.23	648.38	162.83
570.38	652.83	162.83
595.61	848.79	162.84
586.16	835.42	162.84
434.93	773.10	162.84
592.46	844.33	162.85
589.31	839.88	162.85
579.85	657.29	162.85
567.26	817.60	162.85
425.45	884.45	162.85
441.27	728.46	162.85
466.48	773.06	162.85
429.38	729.52	162.86
542.05	808.68	162.86
557.81	813.15	162.87
425.45	875.53	162.87
444.38	795.37	162.87
589.31	652.85	162.87
545.20	697.33	162.88
501.11	804.22	162.88
548.36	701.81	162.89
485.36	799.77	162.89
535.75	808.68	162.89
457.03	750.79	162.89
425.94	866.59	162.90
570.41	822.06	162.90
545.21	706.28	162.91
438.08	777.56	162.91
428.63	755.29	162.91
557.76	626.11	162.92
529.45	808.68	162.92
472.77	790.88	162.92
538.89	697.31	162.93
434.95	728.45	162.93
447.52	826.53	162.94
551.50	813.14	162.94
469.62	786.43	162.94
444.36	813.18	162.94
523.15	808.68	162.94
463.33	768.61	162.94
573.56	826.51	162.95
560.96	817.60	162.95
475.92	795.33	162.95
494.81	804.22	162.96
592.46	648.40	162.96
576.69	652.84	162.96
438.07	848.76	162.96
441.22	844.31	162.97
453.88	746.34	162.97
447.54	799.81	162.97
431.78	759.74	162.97
441.24	782.01	162.97
583.00	652.84	162.97
516.85	808.68	162.97
434.92	853.20	162.98
576.71	830.97	162.98
538.90	706.30	162.99
466.47	781.98	162.99
545.20	813.14	162.99
598.76	862.16	163.00
460.18	764.15	163.00
579.86	835.42	163.01
444.39	786.46	163.01
510.56	808.68	163.01
444.37	839.86	163.01
434.94	764.19	163.02
542.06	701.81	163.02
595.61	857.70	163.02
447.52	817.64	163.02
564.11	822.06	163.02
479.06	799.78	163.02
595.62	643.94	163.02
444.43	732.94	163.02
583.01	839.88	163.03
560.91	630.57	163.03
592.46	853.25	163.03
431.76	857.65	163.03
450.73	741.88	163.03
425.46	741.91	163.03
554.66	817.60	163.04
586.16	844.33	163.04
589.31	848.79	163.04
538.90	813.14	163.04
573.54	648.39	163.04
488.51	804.23	163.04
447.53	808.71	163.04
457.02	759.70	163.05
447.54	790.91	163.05
598.77	639.49	163.07
504.26	808.68	163.07
447.58	737.42	163.07
438.09	768.64	163.07
567.26	826.51	163.08
428.59	862.11	163.08
532.60	813.14	163.08
428.61	897.82	163.08
564.07	635.03	163.09
450.69	804.26	163.09
450.69	795.36	163.09
557.75	617.18	163.09
466.46	790.89	163.09
570.38	643.93	163.09
463.33	777.53	163.10
447.53	835.42	163.10
453.87	755.25	163.10
469.61	795.34	163.10
446.31	813.16	163.10
548.35	817.60	163.11
586.15	648.39	163.11
567.23	639.48	163.11
526.30	813.14	163.12
450.68	822.08	163.12
557.81	822.06	163.12
557.74	608.26	163.12
497.96	808.68	163.13
570.41	830.97	163.13
441.24	773.09	163.13
463.32	786.44	163.13
482.21	804.23	163.14
579.85	648.39	163.14
472.76	799.79	163.14
453.85	799.81	163.16
520.00	813.14	163.16
450.72	750.80	163.16
598.76	871.07	163.16
428.61	888.90	163.17
573.56	835.43	163.17
542.05	817.60	163.17
453.85	790.91	163.18
428.63	746.38	163.18
463.31	795.35	163.19
444.39	777.55	163.19
595.61	866.61	163.19
460.16	790.90	163.19
457.00	795.35	163.19
576.71	839.88	163.20
560.96	826.51	163.20
491.66	808.68	163.20
450.70	786.46	163.20
450.69	813.17	163.20
450.68	830.98	163.20
536.20	701.97	163.20
513.71	813.14	163.20
434.94	755.28	163.20
438.10	759.73	163.20
428.61	879.99	163.21
431.79	750.83	163.21
592.46	862.16	163.21
447.54	782.01	163.21
551.51	822.06	163.21
579.86	844.34	163.22
453.84	808.71	163.22
466.46	799.80	163.22
460.17	781.99	163.22
589.31	857.70	163.22
475.91	804.24	163.22
441.25	764.18	163.22
583.01	848.79	163.23
586.16	853.25	163.23
535.75	817.60	163.23
460.15	799.80	163.23
460.18	773.07	163.23
447.57	746.35	163.23
457.01	786.45	163.23
457.00	804.26	163.24
450.71	759.71	163.24
453.87	764.16	163.24
507.41	813.14	163.25
428.61	871.08	163.25
589.31	643.94	163.25
453.84	817.62	163.26
564.11	830.97	163.26
485.36	808.69	163.27
447.56	755.26	163.27
444.40	768.63	163.27
457.02	768.61	163.28
529.45	817.60	163.28
576.69	643.93	163.28
469.61	804.25	163.28
438.12	732.94	163.29
463.30	804.25	163.29
545.20	822.06	163.29
444.41	759.72	163.29
554.66	826.51	163.30
501.11	813.14	163.30
453.84	826.53	163.30
447.56	764.17	163.31
444.42	741.89	163.31
567.26	835.43	163.31
441.25	755.27	163.31
598.76	879.98	163.31
457.00	813.17	163.32
453.86	782.01	163.32
460.15	808.71	163.32
523.15	817.60	163.33
444.41	750.81	163.33
479.06	808.69	163.33
583.00	643.94	163.34
560.91	621.65	163.34
595.61	875.52	163.35
570.41	839.88	163.35
447.55	773.09	163.36
494.81	813.14	163.36
538.90	822.06	163.36
441.27	737.42	163.36
438.10	750.82	163.36
472.76	808.70	163.37
466.45	808.71	163.37
592.46	871.07	163.38
516.85	817.60	163.38
450.71	768.62	163.38
557.81	830.97	163.38
592.46	639.49	163.38
573.56	844.34	163.38
456.99	822.07	163.39
573.54	639.48	163.39
548.35	826.51	163.40
589.31	866.61	163.40
431.79	732.91	163.40
576.71	848.79	163.40
457.02	777.55	163.41
586.16	862.16	163.41
579.86	853.25	163.41
488.51	813.14	163.41
441.26	746.36	163.42
583.01	857.70	163.42
450.70	777.55	163.42
447.53	844.32	163.42
463.30	813.16	163.42
444.38	848.77	163.42
510.56	817.60	163.43
532.60	822.06	163.43
460.15	817.62	163.43
560.96	835.43	163.44
450.69	839.88	163.45
434.95	746.37	163.45
441.23	853.22	163.45
598.76	888.89	163.45
482.21	813.15	163.46
431.77	893.36	163.46
564.07	626.11	163.46
570.38	635.03	163.47
504.26	817.60	163.48
469.60	813.16	163.48
542.05	826.51	163.48
526.30	822.06	163.48
453.84	835.43	163.48
475.90	813.15	163.49
595.61	635.03	163.49
551.51	830.97	163.49
428.61	737.42	163.49
595.61	884.43	163.49
564.11	839.88	163.50
567.23	630.57	163.50
438.08	857.68	163.50
431.77	884.45	163.51
560.91	612.73	163.51
456.99	830.98	163.52
497.96	817.60	163.53
592.46	879.98	163.53
431.77	875.54	163.54
567.26	844.34	163.54
586.15	639.48	163.54
579.84	639.48	163.54
520.00	822.06	163.54
466.45	817.61	163.54
438.11	741.90	163.54
460.15	826.52	163.55
598.77	630.58	163.55
589.31	875.52	163.56
535.75	826.51	163.56
560.90	603.81	163.56
554.66	835.43	163.57
463.30	822.07	163.57
570.41	848.79	163.57
491.66	817.60	163.57
598.76	897.80	163.57
586.16	871.07	163.58
453.86	773.07	163.58
545.20	830.97	163.59
573.56	853.25	163.59
431.79	741.92	163.59
513.70	822.06	163.59
583.01	866.62	163.60
431.01	865.13	163.60
454.36	774.30	163.60
576.71	857.70	163.60
579.86	862.16	163.60
472.75	817.61	163.60
485.36	817.60	163.61
434.93	862.13	163.61
479.05	817.61	163.62
595.61	893.35	163.62
529.45	826.51	163.63
557.81	839.88	163.63
507.40	822.06	163.65
592.46	888.89	163.67
538.90	830.97	163.68
548.35	835.43	163.68
560.96	844.34	163.68
469.60	822.07	163.68
431.76	866.61	163.69
463.30	830.98	163.69
523.15	826.51	163.69
501.10	822.06	163.70
464.31	830.92	163.70
589.31	884.44	163.70
466.45	826.52	163.71
576.69	635.02	163.72
564.11	848.80	163.73
586.16	879.98	163.73
434.93	897.81	163.73
494.80	822.06	163.74
589.30	635.03	163.74
475.90	822.07	163.75
551.50	839.88	163.75
516.85	826.51	163.75
567.26	853.25	163.76
532.60	830.97	163.76
583.01	875.53	163.76
460.15	835.43	163.76
488.50	822.06	163.77
434.96	737.42	163.77
482.20	822.06	163.77
570.41	857.71	163.78
579.86	871.07	163.78
564.07	617.19	163.78
542.05	835.43	163.78
456.99	839.88	163.78
573.56	862.16	163.78
576.71	866.62	163.78
592.46	897.80	163.78
453.84	844.33	163.79
431.96	736.97	163.80
434.93	888.90	163.80
510.55	826.52	163.81
450.69	848.79	163.81
583.00	635.02	163.81
434.93	879.99	163.82
554.65	844.34	163.82
434.93	871.08	163.82
589.31	893.35	163.83
526.30	830.97	163.83
447.54	853.24	163.84
472.75	826.52	163.85
573.54	630.57	163.85
504.25	826.52	163.86
545.20	839.89	163.87
586.16	888.89	163.87
557.80	848.80	163.87
535.75	835.43	163.87
444.39	857.69	163.89
497.95	826.52	163.90
520.00	830.97	163.90
583.00	884.44	163.90
567.23	621.65	163.91
469.60	830.98	163.91
560.95	853.25	163.91
479.05	826.52	163.91
570.38	626.11	163.92
592.46	630.57	163.92
441.24	862.15	163.93
491.65	826.52	163.93
579.85	879.98	163.93
485.35	826.52	163.94
564.10	857.71	163.94
548.35	844.34	163.95
438.09	866.61	163.95
576.70	875.53	163.95
567.25	862.16	163.96
529.45	835.43	163.96
573.55	871.07	163.96
466.45	835.43	163.97
570.40	866.62	163.97
513.70	830.97	163.97
564.07	608.27	163.97
538.90	839.89	163.98
586.15	897.80	163.99
551.50	848.80	164.01
507.40	830.97	164.02
583.00	893.35	164.03
475.90	830.98	164.03
463.30	839.89	164.03
523.15	835.43	164.04
579.84	630.56	164.06
554.65	853.25	164.06
542.05	844.34	164.06
438.09	875.53	164.07
501.10	830.98	164.07
595.61	626.11	164.07
579.85	888.89	164.07
532.60	839.89	164.07
460.15	844.34	164.08
438.09	893.36	164.08
586.15	630.56	164.09
482.20	830.98	164.09
557.80	857.71	164.10
494.80	830.98	164.10
576.70	884.44	164.10
438.09	884.44	164.10
488.50	830.98	164.11
516.85	835.43	164.11
573.55	879.98	164.12
560.95	862.16	164.12
457.00	848.79	164.13
472.75	835.43	164.13
570.40	875.53	164.14
545.20	848.80	164.14
564.10	866.62	164.14
567.25	871.07	164.14
598.76	621.65	164.15
526.30	839.89	164.16
453.85	853.25	164.17
535.75	844.34	164.17
510.55	835.43	164.18
579.85	897.80	164.18
548.35	853.25	164.20
469.60	839.89	164.22
441.25	871.07	164.22
450.70	857.70	164.22
479.05	835.43	164.22
576.70	893.35	164.23
504.25	835.43	164.23
551.50	857.71	164.25
520.00	839.89	164.25
567.23	612.73	164.25
576.69	626.10	164.25
538.90	848.80	164.26
573.55	888.90	164.26
447.55	862.16	164.26
497.95	835.43	164.26
485.35	835.44	164.27
444.40	866.62	164.27
529.45	844.35	164.27
554.65	862.17	164.28
491.65	835.43	164.28
570.40	884.44	164.29
466.45	844.34	164.30
557.80	866.62	164.30
567.25	879.99	164.30
560.95	871.08	164.31
564.10	875.53	164.31
513.70	839.89	164.32
542.05	853.26	164.33
441.25	879.99	164.34
475.90	839.89	164.35
441.25	897.81	164.35
589.30	626.10	164.36
523.15	844.35	164.37
532.60	848.80	164.37
573.54	621.64	164.37
463.30	848.80	164.37
573.55	897.81	164.37
507.40	839.89	164.38
570.39	617.19	164.38
441.25	888.90	164.38
545.20	857.71	164.39
570.40	893.35	164.41
583.00	626.10	164.41
482.20	839.89	164.42
501.10	839.89	164.42
548.35	862.17	164.43
460.15	853.26	164.44
567.25	888.90	164.44
516.85	844.35	164.45
494.80	839.89	164.45
488.50	839.89	164.45
535.75	853.26	164.45
472.75	844.35	164.45
551.50	866.62	164.46
564.10	884.44	164.47
526.30	848.80	164.47
554.65	871.08	164.48
560.95	879.99	164.48
557.80	875.53	164.48
444.40	875.53	164.50
457.00	857.71	164.51
538.90	857.71	164.52
510.55	844.35	164.52
567.77	603.81	164.53
567.25	897.81	164.56
479.05	844.35	164.56
469.60	848.80	164.56
453.85	862.17	164.56
529.45	853.26	164.56
520.00	848.80	164.57
542.05	862.17	164.57
504.25	844.35	164.58
447.55	871.08	164.58
450.70	866.62	164.59
564.10	893.35	164.59
545.20	866.62	164.61
485.35	844.35	164.61
497.95	844.35	164.61
560.95	888.90	164.62
491.65	844.35	164.63
548.35	871.08	164.63
557.80	884.44	164.64
532.60	857.72	164.64
592.19	621.28	164.65
551.50	875.53	164.65
554.65	879.99	164.65
513.70	848.81	164.65
466.45	853.26	164.65
444.93	884.44	164.66
523.15	853.26	164.67
475.90	848.81	164.68
444.76	893.35	164.69
535.75	862.17	164.70
580.04	621.36	164.71
507.40	848.81	164.72
560.95	897.81	164.73
463.89	857.92	164.76
526.10	858.00	164.77
538.20	866.90	164.77
516.68	853.51	164.77
482.15	849.31	164.78
557.28	893.63	164.78
501.14	849.26	164.78
586.15	621.46	164.79
570.65	608.40	164.79
541.72	871.22	164.79
554.39	889.03	164.80
447.83	879.87	164.80
488.50	848.99	164.80
494.81	848.99	164.80
595.64	616.99	164.81
545.07	875.59	164.81
472.83	853.38	164.81
551.39	884.50	164.81
548.29	880.02	164.81
460.15	862.21	164.82
529.49	862.01	164.82
510.83	853.03	164.83
576.70	617.39	164.84
520.29	857.26	164.84
456.70	866.50	164.85
598.84	612.76	164.85
450.45	875.40	164.86
447.08	888.95	164.87
532.84	866.29	164.87
453.45	870.89	164.87
573.34	612.82	164.87
447.05	897.76	164.88
555.28	897.81	164.88
478.80	852.91	164.88
504.56	852.84	164.89
469.37	857.39	164.89
535.75	871.08	164.93
551.50	893.35	164.93
523.15	862.17	164.94
497.95	853.27	164.95
538.90	875.54	164.95
548.35	888.90	164.95
513.70	857.72	164.95
485.35	853.27	164.95
545.20	884.45	164.96
542.05	879.99	164.96
491.65	853.27	164.97
526.30	866.63	165.01
466.46	862.18	165.01
507.40	857.72	165.03
475.91	857.72	165.03
516.85	862.18	165.05
529.45	871.08	165.06
548.35	897.81	165.06
450.71	884.45	165.08
545.20	893.36	165.09
501.10	857.72	165.09
532.60	875.54	165.09
463.31	866.63	165.10
482.20	857.72	165.11
542.05	888.90	165.11
535.75	879.99	165.11
538.90	884.45	165.12
520.00	866.63	165.13
494.80	857.72	165.13
589.30	617.16	165.13
488.50	857.72	165.14
583.00	617.16	165.14
510.55	862.18	165.14
472.76	862.18	165.16
460.16	871.09	165.17
453.86	879.99	165.17
523.15	871.09	165.19
457.01	875.54	165.19
450.71	893.35	165.20
504.25	862.18	165.22
542.05	897.81	165.22
526.30	875.54	165.23
513.70	866.63	165.23
538.90	893.36	165.24
479.06	862.18	165.25
529.45	879.99	165.25
535.75	888.90	165.26
532.60	884.45	165.26
497.95	862.18	165.27
469.61	866.64	165.27
485.35	862.18	165.30
491.65	862.18	165.30
516.85	871.09	165.30
573.56	603.81	165.31
507.40	866.63	165.32
520.00	875.54	165.35
535.75	897.81	165.36
466.46	871.09	165.37
453.87	888.90	165.38
523.15	880.00	165.39
579.86	612.70	165.39
475.91	866.64	165.39
532.60	893.36	165.39
501.10	866.64	165.39
526.30	884.45	165.40
529.45	888.90	165.40
510.55	871.09	165.40
494.80	866.64	165.44
463.31	875.55	165.45
482.20	866.64	165.45
592.44	612.69	165.46
576.71	608.25	165.46
488.50	866.64	165.46
513.70	875.54	165.47
457.01	884.45	165.47
453.87	897.81	165.48
460.16	880.00	165.48
504.25	871.09	165.49
529.45	897.81	165.51
516.85	880.00	165.51
472.76	871.09	165.51
526.30	893.36	165.53
520.00	884.45	165.53
523.15	888.90	165.54
497.95	871.09	165.56
507.40	875.55	165.57
479.06	871.10	165.59
491.65	871.09	165.61
586.15	612.68	165.62
485.35	871.10	165.62
510.55	880.00	165.62
469.61	875.55	165.62
523.15	897.81	165.64
598.71	603.78	165.64
513.70	884.45	165.66
501.10	875.55	165.66
520.00	893.36	165.66
516.85	888.91	165.67
595.58	608.22	165.68
457.02	893.36	165.70
466.46	880.01	165.72
494.80	875.55	165.73
504.25	880.00	165.73
475.91	875.55	165.73
488.50	875.55	165.77
516.85	897.81	165.77
507.40	884.45	165.77
482.20	875.55	165.77
463.31	884.46	165.77
460.17	888.91	165.78
513.70	893.36	165.79
510.55	888.91	165.79
497.95	880.00	165.81
472.76	880.01	165.85
501.10	884.46	165.87
491.65	880.00	165.88
510.55	897.81	165.89
504.25	888.91	165.90
507.40	893.36	165.91
479.06	880.01	165.91
485.35	880.01	165.92
494.80	884.46	165.96
469.61	884.47	165.96
583.01	608.22	165.97
504.25	897.81	166.00
497.95	888.91	166.00
501.10	893.36	166.01
488.50	884.46	166.02
460.17	897.81	166.05
475.91	884.47	166.05
466.46	888.92	166.06
482.20	884.46	166.06
579.88	603.78	166.08
491.65	888.91	166.09
497.95	897.81	166.10
589.29	608.19	166.10
494.80	893.36	166.11
463.32	893.37	166.12
485.35	888.91	166.15
472.76	888.92	166.18
479.05	888.92	166.19
491.65	897.81	166.20
488.50	893.36	166.20
482.20	893.37	166.27
485.35	897.81	166.28
469.61	893.38	166.31
475.90	893.37	166.31
479.05	897.81	166.35
472.75	897.82	166.43
592.42	603.71	166.52
466.46	897.84	166.54
586.16	603.73	166.63
589.30	601.46	167.06
