305.00	605.00	160.48
305.00	615.00	159.89
305.00	625.00	160.99
305.00	635.00	161.54
305.00	645.00	162.08
305.00	655.00	162.61
305.00	665.00	163.06
305.00	675.00	163.40
305.00	685.00	163.69
305.00	695.00	163.93
305.00	705.00	163.77
305.00	715.00	163.44
305.00	725.00	163.06
305.00	735.00	162.71
305.00	745.00	162.49
305.00	755.00	162.44
305.00	765.00	162.61
305.00	775.00	162.73
305.00	785.00	162.85
305.00	795.00	162.93
305.00	805.00	162.85
305.00	815.00	162.59
305.00	825.00	162.05
305.00	835.00	161.66
305.00	845.00	161.43
305.00	855.00	161.44
305.00	865.00	161.81
305.00	875.00	162.23
305.00	885.00	162.49
305.00	895.00	162.38
315.00	605.00	161.31
315.00	615.00	161.02
315.00	625.00	160.64
315.00	635.00	161.00
315.00	645.00	161.56
315.00	655.00	162.20
315.00	665.00	162.82
315.00	675.00	163.51
315.00	685.00	163.91
315.00	695.00	164.08
315.00	705.00	163.82
315.00	715.00	163.35
315.00	725.00	162.98
315.00	735.00	162.72
315.00	745.00	162.61
315.00	755.00	162.62
315.00	765.00	162.70
315.00	775.00	162.80
315.00	785.00	162.89
315.00	795.00	162.85
315.00	805.00	162.68
315.00	825.00	161.58
315.00	835.00	161.05
315.00	845.00	160.85
315.00	855.00	160.86
315.00	865.00	161.17
315.00	875.00	161.67
315.00	885.00	161.89
315.00	895.00	161.90
325.00	605.00	161.54
325.00	615.00	160.82
325.00	625.00	160.19
325.00	635.00	160.15
325.00	645.00	160.45
325.00	655.00	160.89
325.00	665.00	161.67
325.00	675.00	162.54
325.00	685.00	163.28
325.00	695.00	163.66
325.00	705.00	163.24
325.00	715.00	162.84
325.00	725.00	162.57
325.00	735.00	162.54
325.00	745.00	162.49
325.00	755.00	162.59
325.00	765.00	162.65
325.00	775.00	162.76
325.00	785.00	162.75
325.00	795.00	162.63
325.00	805.00	162.30
325.00	825.00	161.05
325.00	835.00	160.51
325.00	845.00	160.20
325.00	855.00	160.15
325.00	865.00	160.56
325.00	875.00	161.03
325.00	885.00	161.32
325.00	895.00	161.32
335.00	605.00	160.69
335.00	615.00	159.98
335.00	625.00	159.71
335.00	635.00	159.43
335.00	645.00	159.37
335.00	655.00	159.62
335.00	665.00	160.07
335.00	675.00	160.80
335.00	685.00	161.60
335.00	695.00	161.94
335.00	705.00	161.97
335.00	715.00	161.92
335.00	725.00	162.09
335.00	735.00	162.17
335.00	745.00	162.26
335.00	755.00	162.36
335.00	765.00	162.44
335.00	775.00	162.48
335.00	785.00	162.47
335.00	795.00	162.20
335.00	805.00	161.65
335.00	825.00	160.39
335.00	835.00	160.12
335.00	845.00	159.86
335.00	855.00	159.94
335.00	865.00	160.20
335.00	875.00	160.51
335.00	885.00	160.66
335.00	895.00	160.40
345.00	605.00	159.51
345.00	615.00	159.34
345.00	625.00	159.23
345.00	635.00	158.93
345.00	645.00	158.93
345.00	655.00	159.03
345.00	665.00	159.30
345.00	675.00	159.64
345.00	685.00	160.07
345.00	695.00	160.48
345.00	705.00	160.89
345.00	715.00	161.25
345.00	725.00	161.51
345.00	735.00	161.76
345.00	745.00	161.84
345.00	755.00	161.96
345.00	765.00	162.11
345.00	775.00	162.03
345.00	785.00	161.87
345.00	795.00	161.44
345.00	805.00	160.94
345.00	825.00	159.97
345.00	835.00	159.76
345.00	845.00	159.66
345.00	855.00	159.79
345.00	865.00	159.89
345.00	875.00	159.92
345.00	885.00	159.32
345.00	895.00	157.72
355.00	605.00	158.64
355.00	615.00	158.83
355.00	625.00	158.78
355.00	635.00	158.61
355.00	645.00	158.53
355.00	655.00	158.55
355.00	665.00	158.83
355.00	675.00	159.08
355.00	685.00	159.45
355.00	695.00	159.86
355.00	705.00	160.27
355.00	715.00	160.61
355.00	725.00	160.92
355.00	735.00	161.18
355.00	745.00	161.35
355.00	755.00	161.53
355.00	765.00	161.46
355.00	775.00	161.42
355.00	785.00	161.16
355.00	795.00	160.79
355.00	825.00	159.56
355.00	835.00	159.43
355.00	845.00	159.40
355.00	855.00	159.37
355.00	865.00	159.25
355.00	875.00	158.53
355.00	885.00	156.93
355.00	895.00	155.08
365.00	605.00	157.97
365.00	615.00	158.28
365.00	625.00	158.37
365.00	635.00	158.00
365.00	645.00	157.92
365.00	655.00	158.00
365.00	665.00	158.27
365.00	675.00	158.63
365.00	685.00	158.87
365.00	695.00	159.28
365.00	705.00	159.69
365.00	715.00	160.09
365.00	725.00	160.35
365.00	735.00	160.63
365.00	745.00	160.79
365.00	755.00	160.92
365.00	765.00	160.89
365.00	775.00	160.75
365.00	785.00	160.40
365.00	795.00	160.10
365.00	805.00	155.87
365.00	815.00	155.44
365.00	825.00	159.21
365.00	835.00	159.08
365.00	845.00	158.91
365.00	855.00	158.68
365.00	865.00	158.05
365.00	875.00	156.17
365.00	885.00	155.39
365.00	895.00	154.94
366.00	805.00	155.87
375.00	605.00	157.19
375.00	615.00	157.28
375.00	625.00	157.46
375.00	635.00	157.07
375.00	645.00	157.19
375.00	655.00	157.44
375.00	665.00	157.75
375.00	675.00	158.15
375.00	685.00	158.48
375.00	695.00	158.82
375.00	705.00	159.17
375.00	715.00	159.54
375.00	725.00	159.77
375.00	735.00	160.07
375.00	745.00	160.15
375.00	755.00	160.30
375.00	765.00	160.25
375.00	775.00	160.02
375.00	785.00	159.75
375.00	795.00	157.13
375.00	815.00	156.66
375.00	825.00	158.73
375.00	835.00	158.52
375.00	845.00	158.26
375.00	855.00	157.31
375.00	865.00	156.62
375.00	875.00	156.04
376.00	795.00	157.13
376.00	815.00	156.66
376.00	825.00	158.73
376.00	865.00	156.62
385.00	605.00	156.30
385.00	615.00	156.18
385.00	625.00	156.32
385.00	635.00	156.37
385.00	645.00	156.39
385.00	655.00	156.75
385.00	665.00	157.32
385.00	675.00	157.56
385.00	685.00	158.09
385.00	695.00	158.19
385.00	705.00	158.73
385.00	715.00	158.83
385.00	725.00	159.22
385.00	735.00	159.37
385.00	745.00	159.55
385.00	755.00	159.51
385.00	765.00	159.50
385.00	775.00	159.21
385.00	785.00	159.05
385.00	835.00	157.71
385.00	845.00	157.48
385.00	855.00	157.18
386.00	615.00	156.18
386.00	625.00	156.32
386.00	635.00	156.37
386.00	715.00	158.83
386.00	725.00	159.22
386.00	735.00	159.37
386.00	745.00	159.55
386.00	755.00	159.51
386.00	765.00	159.50
386.00	775.00	159.21
386.00	785.00	159.05
386.00	835.00	157.71
386.00	845.00	157.48
386.00	855.00	157.18
395.00	605.00	155.90
395.00	645.00	156.61
395.00	655.00	156.80
395.00	665.00	157.13
395.00	675.00	157.45
395.00	685.00	157.81
395.00	695.00	158.17
395.00	705.00	158.46
396.00	645.00	156.61
396.00	655.00	156.80
396.00	665.00	157.13
396.00	675.00	157.45
396.00	685.00	157.81
396.00	695.00	158.17
396.00	705.00	158.46
425.00	605.00	162.87
435.00	605.00	163.11
445.00	605.00	163.73
455.00	605.00	163.83
