94.77	750.82	114.81
91.63	755.24	114.90
88.49	750.82	114.97
91.63	746.37	115.00
179.82	603.80	115.01
97.92	755.25	115.04
173.53	603.80	115.04
97.92	746.37	115.07
186.12	603.80	115.08
94.78	759.70	115.14
176.67	608.26	115.15
85.34	755.26	115.15
101.07	750.81	115.15
167.23	603.80	115.15
88.48	759.71	115.16
182.97	608.26	115.18
94.78	741.91	115.19
170.38	608.26	115.20
85.34	746.36	115.23
192.42	603.80	115.25
88.48	741.91	115.27
173.52	612.71	115.29
179.82	612.71	115.29
189.27	608.26	115.31
82.19	750.81	115.31
101.07	741.91	115.31
164.08	608.26	115.33
91.63	764.16	115.34
160.93	603.81	115.35
167.23	612.72	115.36
104.22	746.36	115.36
101.07	759.71	115.37
82.18	759.71	115.39
186.12	612.71	115.39
97.93	737.45	115.40
91.63	737.46	115.41
104.22	755.26	115.41
85.33	764.17	115.42
176.67	617.17	115.42
170.37	617.17	115.43
97.93	764.16	115.45
79.03	755.26	115.48
182.97	617.17	115.48
160.93	612.72	115.50
164.08	617.17	115.51
82.18	741.91	115.53
157.78	608.26	115.53
104.23	737.45	115.54
195.57	608.26	115.54
198.72	603.81	115.54
107.37	750.81	115.55
173.52	621.63	115.55
88.48	768.62	115.56
79.03	746.36	115.57
94.78	733.00	115.57
192.42	612.72	115.57
85.33	737.45	115.57
167.22	621.63	115.57
107.37	741.90	115.58
179.82	621.63	115.60
101.08	733.00	115.60
94.78	768.62	115.60
154.63	603.81	115.61
79.03	764.17	115.63
189.27	617.17	115.63
82.18	768.63	115.66
157.78	617.17	115.67
160.92	621.63	115.67
88.48	733.00	115.67
170.37	626.08	115.68
75.45	750.81	115.71
176.67	626.08	115.71
164.07	626.08	115.71
75.42	759.72	115.72
154.12	612.72	115.73
186.35	621.96	115.74
97.64	728.13	115.75
104.56	764.33	115.76
107.99	732.68	115.76
111.12	746.31	115.77
107.63	759.85	115.77
91.99	773.34	115.79
84.96	773.37	115.79
104.44	728.15	115.80
110.87	737.54	115.80
91.51	728.36	115.80
101.07	768.81	115.80
151.38	608.25	115.81
167.38	630.59	115.81
157.65	625.93	115.82
182.96	626.06	115.82
154.71	621.59	115.82
173.55	630.35	115.83
110.35	755.36	115.83
72.96	755.26	115.84
198.57	612.65	115.84
79.21	737.53	115.84
161.09	630.31	115.85
76.19	768.48	115.85
195.29	617.06	115.85
76.13	742.03	115.85
201.61	608.13	115.86
151.98	616.88	115.86
82.58	733.15	115.86
100.78	724.51	115.88
79.23	772.79	115.88
73.29	763.85	115.88
97.76	772.84	115.89
191.75	621.38	115.89
113.33	741.90	115.90
179.51	630.10	115.91
73.34	746.71	115.91
110.53	728.54	115.92
204.47	603.51	115.92
148.79	603.81	115.92
94.78	724.08	115.93
85.63	728.96	115.93
164.07	634.99	115.94
107.38	724.08	115.94
113.22	750.81	115.95
154.62	630.54	115.96
170.37	635.00	115.96
88.48	777.54	115.96
113.68	732.99	115.97
151.47	626.09	115.98
157.77	634.99	115.98
148.32	612.72	115.99
82.18	777.54	115.99
189.27	626.09	116.00
104.23	719.63	116.03
94.78	777.54	116.04
176.67	635.00	116.04
69.58	759.72	116.04
148.32	621.63	116.05
97.93	719.62	116.06
88.48	724.08	116.06
160.92	639.45	116.06
167.22	639.45	116.07
113.68	724.08	116.08
69.58	750.81	116.08
151.47	634.99	116.09
110.53	719.63	116.09
72.73	773.09	116.09
186.12	630.54	116.10
116.83	737.45	116.10
154.62	639.45	116.10
75.88	777.54	116.11
148.32	630.54	116.12
107.38	768.64	116.13
116.83	728.54	116.14
69.58	768.63	116.14
145.17	608.27	116.14
110.53	764.18	116.14
85.33	782.00	116.14
116.83	746.36	116.15
173.52	639.45	116.15
145.17	617.18	116.16
107.38	715.17	116.16
91.63	719.62	116.16
104.23	773.09	116.17
157.77	643.91	116.17
101.08	715.17	116.18
164.07	643.91	116.18
91.63	782.00	116.19
201.88	617.18	116.19
79.03	782.00	116.19
75.87	732.98	116.20
145.17	626.09	116.20
182.98	635.00	116.20
113.68	759.73	116.21
198.73	621.64	116.21
72.72	737.44	116.21
148.32	639.45	116.21
113.68	715.17	116.22
151.47	643.91	116.22
116.83	719.63	116.22
79.02	728.53	116.22
205.03	612.73	116.23
101.08	777.55	116.24
66.42	755.26	116.24
66.42	764.18	116.25
145.17	634.99	116.25
195.58	626.09	116.26
170.38	643.91	116.26
94.78	715.17	116.27
69.57	741.89	116.27
119.98	732.99	116.27
154.62	648.36	116.27
110.53	710.71	116.27
82.17	724.07	116.28
119.98	724.08	116.28
104.23	710.71	116.28
160.93	648.36	116.28
179.83	639.46	116.30
69.58	777.54	116.32
119.99	741.90	116.32
148.32	648.36	116.32
116.84	755.27	116.32
145.17	643.90	116.32
142.02	621.63	116.32
142.02	612.72	116.32
82.18	786.46	116.33
116.83	710.72	116.33
72.73	782.00	116.33
192.43	630.55	116.34
119.98	715.17	116.34
142.02	630.54	116.34
142.02	603.81	116.34
97.93	782.00	116.34
88.48	786.46	116.34
208.18	608.27	116.34
85.32	719.62	116.35
66.42	773.09	116.36
167.23	648.37	116.36
151.47	652.82	116.36
97.93	710.71	116.36
66.42	746.35	116.37
113.68	706.26	116.37
142.02	639.45	116.37
157.78	652.82	116.38
107.38	706.26	116.38
75.88	786.46	116.39
176.68	643.91	116.41
145.17	652.81	116.41
123.13	719.63	116.41
123.13	728.54	116.42
119.98	706.26	116.42
142.02	648.36	116.42
63.27	759.72	116.43
189.28	635.01	116.43
88.47	715.16	116.43
123.13	710.72	116.44
148.32	657.27	116.44
116.83	701.81	116.45
164.08	652.82	116.45
101.08	706.26	116.45
94.78	786.46	116.46
154.63	657.27	116.46
110.53	701.80	116.46
119.99	750.82	116.46
63.27	768.63	116.46
138.87	634.99	116.47
138.87	626.08	116.47
123.14	737.45	116.48
138.87	643.90	116.48
142.02	657.27	116.48
138.87	617.17	116.49
123.13	701.81	116.50
85.33	790.91	116.50
63.27	750.80	116.50
173.53	648.37	116.50
79.03	790.91	116.50
138.87	652.81	116.51
145.17	661.72	116.51
91.62	710.71	116.51
119.98	697.35	116.51
126.28	715.17	116.52
186.13	639.47	116.53
151.48	661.73	116.53
126.28	706.26	116.53
113.68	697.35	116.53
138.86	608.26	116.53
160.93	657.28	116.53
104.22	701.80	116.53
66.42	782.00	116.53
69.57	786.46	116.54
110.54	773.10	116.54
138.87	661.72	116.55
126.28	724.09	116.55
72.72	728.52	116.56
126.28	697.35	116.56
107.39	777.56	116.56
142.03	666.18	116.56
211.34	603.82	116.56
113.69	768.64	116.56
123.13	692.90	116.56
69.57	732.98	116.57
75.87	724.07	116.57
135.72	648.36	116.57
63.27	777.54	116.58
91.63	790.92	116.58
135.72	657.27	116.58
116.83	692.90	116.58
148.33	666.18	116.58
135.72	639.45	116.58
205.03	621.65	116.58
72.73	790.91	116.59
170.38	652.83	116.59
94.77	706.25	116.59
135.72	666.18	116.59
138.88	670.63	116.60
107.37	697.35	116.60
129.43	701.81	116.60
126.28	688.44	116.60
157.78	661.73	116.60
104.24	782.01	116.60
129.43	692.90	116.60
201.88	626.10	116.60
135.72	630.54	116.61
66.42	737.43	116.61
129.43	710.72	116.61
79.02	719.61	116.61
123.14	746.36	116.62
208.19	617.19	116.62
119.98	688.44	116.62
135.73	675.09	116.62
60.12	764.17	116.62
129.43	683.99	116.62
145.18	670.63	116.62
182.98	643.92	116.62
116.84	764.19	116.63
126.29	733.00	116.63
132.57	670.63	116.63
132.58	679.54	116.63
132.57	661.72	116.64
132.58	688.45	116.64
123.12	683.99	116.64
129.42	675.08	116.65
142.03	675.09	116.65
135.71	621.63	116.65
110.52	692.89	116.65
126.27	679.54	116.65
82.18	795.37	116.65
132.57	652.81	116.66
135.73	683.99	116.66
132.58	697.36	116.66
198.73	630.56	116.66
60.12	755.26	116.66
154.63	666.18	116.66
138.88	679.54	116.66
129.44	719.63	116.66
97.92	701.80	116.66
82.17	715.16	116.67
101.09	786.47	116.67
167.23	657.28	116.67
60.12	773.09	116.67
75.88	795.37	116.68
129.42	666.17	116.68
132.57	643.90	116.69
113.67	688.44	116.69
63.27	741.89	116.69
132.58	706.27	116.69
135.73	692.90	116.70
88.48	795.37	116.70
151.48	670.64	116.71
135.71	612.72	116.71
126.27	670.63	116.71
179.83	648.38	116.72
116.82	683.99	116.72
120.00	759.74	116.72
211.34	612.73	116.72
129.42	657.26	116.73
101.07	697.34	116.73
123.12	675.08	116.73
119.97	679.53	116.73
85.32	710.70	116.73
138.88	688.45	116.73
195.58	635.02	116.73
132.57	634.99	116.73
148.33	675.09	116.74
164.08	661.74	116.74
66.42	790.91	116.74
63.27	786.46	116.74
142.03	684.00	116.75
145.18	679.55	116.75
97.94	790.92	116.75
129.44	728.54	116.76
132.59	715.18	116.76
135.73	701.81	116.76
126.29	741.91	116.77
104.22	692.89	116.78
129.42	648.35	116.78
69.57	795.37	116.78
126.27	661.72	116.78
135.71	603.81	116.79
60.12	782.00	116.79
88.47	706.25	116.80
132.56	626.08	116.80
160.93	666.19	116.80
176.68	652.83	116.80
60.11	746.34	116.81
79.03	799.83	116.81
138.88	697.36	116.82
107.37	688.43	116.82
123.12	666.17	116.82
192.44	639.48	116.82
56.97	768.63	116.82
85.33	799.83	116.83
56.96	759.72	116.84
94.79	795.38	116.84
135.74	710.73	116.84
110.52	683.98	116.85
129.41	639.44	116.85
119.97	670.62	116.85
123.15	755.28	116.85
157.78	670.64	116.85
72.73	799.82	116.86
91.62	701.79	116.86
126.27	652.81	116.86
113.67	679.53	116.86
142.03	692.91	116.86
116.82	675.08	116.86
132.59	724.09	116.87
132.56	617.17	116.88
173.53	657.29	116.88
154.63	675.10	116.88
56.97	777.54	116.89
145.18	688.46	116.89
151.48	679.55	116.90
148.33	684.00	116.90
94.77	697.34	116.91
129.45	737.46	116.91
189.29	643.93	116.91
138.89	706.27	116.92
123.12	657.26	116.92
129.41	630.53	116.93
69.56	724.06	116.93
91.64	799.83	116.94
63.27	795.37	116.94
56.96	750.80	116.94
72.71	719.60	116.94
126.26	643.90	116.95
66.41	728.51	116.95
170.38	661.74	116.95
60.12	790.91	116.95
97.92	692.88	116.96
214.50	608.27	116.96
75.88	804.28	116.96
82.18	804.28	116.97
66.42	799.82	116.97
135.74	719.64	116.97
119.97	661.71	116.97
110.55	782.02	116.97
75.86	715.15	116.97
132.55	608.26	116.97
113.70	777.56	116.98
142.04	701.82	116.98
63.26	732.97	116.98
107.39	786.47	116.99
126.30	750.83	116.99
101.07	688.43	117.00
56.97	786.46	117.00
186.14	648.39	117.00
167.23	666.20	117.00
116.82	666.16	117.01
79.01	710.69	117.01
116.85	773.11	117.01
104.24	790.93	117.02
53.81	764.17	117.02
104.22	683.98	117.02
53.81	773.09	117.03
129.41	621.62	117.03
69.58	804.28	117.03
113.67	670.62	117.03
123.11	648.35	117.03
145.19	697.37	117.04
107.37	679.52	117.04
110.52	675.07	117.04
132.60	733.01	117.04
88.48	804.29	117.04
208.20	626.12	117.04
126.26	634.99	117.05
60.11	737.43	117.05
138.89	715.19	117.05
164.09	670.65	117.06
82.16	706.24	117.06
211.35	621.66	117.06
205.04	630.58	117.07
101.09	795.38	117.07
120.00	768.66	117.08
148.34	692.91	117.08
182.99	652.85	117.09
53.81	782.00	117.09
160.94	675.11	117.10
53.81	755.26	117.10
79.03	808.74	117.10
119.96	652.80	117.10
85.31	701.78	117.11
151.49	688.46	117.11
157.79	679.56	117.12
72.73	808.74	117.12
201.89	635.03	117.12
154.64	684.01	117.12
142.04	710.73	117.13
97.94	799.84	117.13
129.45	746.37	117.13
60.12	799.82	117.14
129.40	612.71	117.15
56.96	741.88	117.15
85.33	808.74	117.15
214.50	617.20	117.15
88.46	697.33	117.15
63.27	804.28	117.15
56.97	795.37	117.15
135.75	728.55	117.15
123.11	639.44	117.15
116.81	657.25	117.16
179.84	657.30	117.16
126.26	626.07	117.17
123.16	764.20	117.18
91.61	692.88	117.19
198.74	639.49	117.20
94.79	804.29	117.20
145.19	706.28	117.20
66.42	808.74	117.20
53.82	790.91	117.21
113.66	661.71	117.21
50.66	768.63	117.22
94.76	688.42	117.23
176.69	661.75	117.23
50.66	777.54	117.23
75.88	813.19	117.24
110.51	666.16	117.24
119.96	643.89	117.25
138.90	724.10	117.25
97.91	683.97	117.25
107.36	670.61	117.26
82.18	813.20	117.26
53.80	746.34	117.26
101.06	679.52	117.27
148.34	701.83	117.27
50.66	759.71	117.27
104.21	675.06	117.27
132.61	741.92	117.27
91.64	808.74	117.27
173.54	666.21	117.28
69.58	813.19	117.28
195.60	643.95	117.28
129.40	603.80	117.29
123.10	630.53	117.29
126.31	759.75	117.29
50.66	786.45	117.30
126.25	617.16	117.30
151.49	697.37	117.33
116.81	648.34	117.33
170.39	670.66	117.33
142.05	719.65	117.33
66.41	719.59	117.33
56.97	804.28	117.33
69.56	715.14	117.33
60.12	808.74	117.34
63.25	724.05	117.34
217.66	612.73	117.35
72.71	710.68	117.35
53.82	799.82	117.35
88.49	813.20	117.35
192.45	648.41	117.37
167.24	675.12	117.37
154.64	692.92	117.37
63.27	813.19	117.38
60.10	728.51	117.38
217.68	603.81	117.38
75.86	706.23	117.38
79.03	817.65	117.38
72.73	817.65	117.38
110.55	790.94	117.39
107.40	795.39	117.39
113.66	652.79	117.39
145.20	715.19	117.40
135.76	737.47	117.40
113.71	786.48	117.40
50.65	750.79	117.40
164.09	679.57	117.40
157.80	688.47	117.40
119.95	634.98	117.40
104.25	799.84	117.41
79.01	701.77	117.41
47.51	773.08	117.41
50.66	795.37	117.41
160.94	684.02	117.41
129.46	755.29	117.43
101.10	804.30	117.43
116.86	782.03	117.43
56.95	732.96	117.44
47.51	782.00	117.44
66.42	817.65	117.44
85.34	817.65	117.44
82.16	697.32	117.45
123.10	621.61	117.45
110.51	657.25	117.45
47.50	764.17	117.45
189.30	652.86	117.45
126.24	608.25	117.46
148.35	710.74	117.47
97.94	808.75	117.47
85.31	692.87	117.48
107.36	661.70	117.49
120.01	777.58	117.49
116.80	639.43	117.50
88.46	688.41	117.50
47.51	790.91	117.51
75.88	822.11	117.51
138.91	733.02	117.51
53.80	737.42	117.52
104.21	666.15	117.52
94.79	813.20	117.52
53.82	808.74	117.52
56.97	813.19	117.52
91.61	683.96	117.53
186.15	657.32	117.53
69.58	822.11	117.53
101.06	670.60	117.54
94.76	679.51	117.54
97.91	675.06	117.54
82.18	822.11	117.54
151.50	706.29	117.55
50.66	804.28	117.55
60.12	817.65	117.55
47.50	755.25	117.56
132.62	750.84	117.57
123.17	773.12	117.57
91.64	817.66	117.58
211.36	630.60	117.58
119.95	626.07	117.58
113.65	643.88	117.59
183.00	661.77	117.59
214.52	626.14	117.60
208.21	635.05	117.60
142.06	728.57	117.60
63.27	822.11	117.61
44.35	777.54	117.61
47.51	799.82	117.61
50.65	741.88	117.62
123.09	612.70	117.62
154.65	701.84	117.63
44.35	768.62	117.63
179.85	666.22	117.64
44.36	786.45	117.64
72.73	826.56	117.64
88.49	822.11	117.64
79.03	826.56	117.65
205.06	639.51	117.66
110.50	648.33	117.66
126.32	768.67	117.67
176.70	670.68	117.67
145.21	724.12	117.68
217.67	621.68	117.68
66.42	826.56	117.69
157.80	697.39	117.69
116.80	630.52	117.70
135.77	746.39	117.70
44.36	795.36	117.71
53.82	817.65	117.71
50.66	813.19	117.72
44.35	759.71	117.72
85.34	826.57	117.72
173.55	675.14	117.72
107.35	652.79	117.73
201.91	643.97	117.73
148.36	719.66	117.73
56.97	822.11	117.73
66.40	710.67	117.74
63.25	715.13	117.74
160.96	692.94	117.74
47.49	746.33	117.74
69.55	706.22	117.75
47.51	808.73	117.75
104.25	808.75	117.75
60.10	719.59	117.76
107.41	804.30	117.76
170.40	679.59	117.76
101.10	813.21	117.76
72.70	701.76	117.77
164.11	688.49	117.77
75.88	831.02	117.77
119.94	617.15	117.77
104.20	657.24	117.77
110.56	799.85	117.77
167.25	684.04	117.78
60.12	826.56	117.78
97.95	817.66	117.78
69.58	831.02	117.78
220.85	608.24	117.79
75.85	697.31	117.79
129.48	764.22	117.79
56.94	724.04	117.79
151.51	715.21	117.79
113.64	634.97	117.80
113.71	795.40	117.80
41.20	781.99	117.81
79.00	692.86	117.81
198.76	648.43	117.81
94.79	822.11	117.81
101.05	661.69	117.81
82.18	831.02	117.81
44.36	804.28	117.82
41.20	773.08	117.82
123.08	603.79	117.83
138.92	741.94	117.83
82.15	688.40	117.83
191.70	656.26	117.84
97.90	666.14	117.84
220.84	617.22	117.84
53.79	728.50	117.84
41.20	790.91	117.84
85.30	683.95	117.85
116.87	790.95	117.85
63.27	831.02	117.85
94.75	670.59	117.85
91.64	826.57	117.85
88.45	679.50	117.86
91.60	675.05	117.86
122.41	780.96	117.86
132.12	759.78	117.87
154.66	710.75	117.88
44.34	750.79	117.88
157.05	705.22	117.89
110.49	639.42	117.89
195.61	652.89	117.89
41.19	764.16	117.89
141.56	737.50	117.90
188.53	660.69	117.90
222.45	612.72	117.90
72.73	835.48	117.90
50.67	822.10	117.90
116.79	621.60	117.91
48.26	738.50	117.91
120.02	786.49	117.91
47.51	817.65	117.91
88.49	831.02	117.91
50.64	732.95	117.91
41.21	799.82	117.91
79.03	835.48	117.92
53.82	826.56	117.92
144.44	731.93	117.92
134.99	754.19	117.93
66.43	835.48	117.94
107.86	643.86	117.94
114.42	627.16	117.94
120.46	608.23	117.94
125.53	776.46	117.95
41.97	756.35	117.95
44.36	813.19	117.95
185.36	665.11	117.95
104.98	649.43	117.96
56.97	831.02	117.96
39.60	768.63	117.96
85.34	834.74	117.96
160.17	700.73	117.97
41.99	807.63	117.97
38.58	786.45	117.98
60.90	834.37	117.98
38.58	777.53	117.98
100.31	821.00	117.98
103.46	816.54	117.99
147.56	727.44	117.99
182.20	669.55	117.99
38.84	794.25	117.99
97.16	825.45	117.99
106.61	812.08	118.00
118.37	612.72	118.00
70.36	838.82	118.01
82.18	837.71	118.01
101.85	653.91	118.01
75.88	839.18	118.01
45.15	743.01	118.01
213.69	633.89	118.02
162.52	697.36	118.02
94.00	829.89	118.02
112.09	630.54	118.02
149.91	724.08	118.02
127.87	773.08	118.02
179.04	673.98	118.02
216.06	630.54	118.03
137.31	750.81	118.03
109.75	807.61	118.03
211.32	637.23	118.03
39.65	804.26	118.04
63.28	837.68	118.04
99.50	657.27	118.04
152.25	720.74	118.04
91.63	833.21	118.05
46.75	823.19	118.05
49.89	827.65	118.05
62.50	709.61	118.05
65.65	705.16	118.05
176.67	677.30	118.05
164.85	694.02	118.05
112.10	804.26	118.05
68.80	700.71	118.06
208.96	640.55	118.06
59.35	714.07	118.06
97.15	660.61	118.07
39.67	759.72	118.07
71.95	696.26	118.07
53.05	832.08	118.07
218.39	627.19	118.08
43.61	818.73	118.08
155.38	716.26	118.08
174.30	680.63	118.08
168.00	689.54	118.08
79.81	840.98	118.08
56.21	718.53	118.08
75.11	691.81	118.09
66.44	840.61	118.09
89.26	836.53	118.09
114.44	800.91	118.09
171.14	685.08	118.09
109.76	633.89	118.09
94.01	665.08	118.09
37.33	771.97	118.09
57.00	836.16	118.10
72.73	842.07	118.10
78.26	687.36	118.10
37.58	799.80	118.10
36.55	781.99	118.10
40.73	813.15	118.10
42.85	746.36	118.10
116.07	616.08	118.10
36.55	790.90	118.11
90.86	669.55	118.11
130.18	769.72	118.11
81.41	682.91	118.11
85.32	839.87	118.11
87.72	674.01	118.12
84.57	678.46	118.12
139.63	747.45	118.12
205.79	644.97	118.12
53.08	723.00	118.12
158.25	710.67	118.14
60.14	839.87	118.14
117.57	796.43	118.14
37.60	764.19	118.16
40.75	750.84	118.16
38.11	808.71	118.16
75.88	844.32	118.17
104.26	643.93	118.17
222.25	603.81	118.17
106.64	638.39	118.18
49.95	727.48	118.18
69.58	844.32	118.18
113.20	621.67	118.18
101.06	826.51	118.18
97.91	830.96	118.18
47.06	733.04	118.19
202.61	649.39	118.19
47.55	830.97	118.20
119.26	602.76	118.20
104.20	822.05	118.20
34.96	786.45	118.20
44.40	826.51	118.20
94.76	835.42	118.20
82.17	844.32	118.20
221.49	622.68	118.21
120.70	791.94	118.21
34.96	795.35	118.22
50.69	835.42	118.22
160.88	706.23	118.22
145.13	737.40	118.22
34.97	777.54	118.22
123.59	786.38	118.23
41.25	822.06	118.23
107.35	817.59	118.23
133.29	765.21	118.23
63.29	844.32	118.23
101.11	648.39	118.23
142.74	742.93	118.24
91.62	839.87	118.24
135.67	759.67	118.24
44.42	737.48	118.24
195.52	657.91	118.25
116.87	608.30	118.25
110.57	626.11	118.26
53.84	839.87	118.26
199.44	653.81	118.27
38.12	755.28	118.27
192.38	661.65	118.27
110.50	813.14	118.27
34.96	804.26	118.27
126.23	781.94	118.28
38.10	817.61	118.28
97.96	652.85	118.29
88.47	844.33	118.29
34.97	768.64	118.30
72.73	848.78	118.30
148.28	732.94	118.31
79.03	848.78	118.31
164.03	701.77	118.32
189.23	666.11	118.32
94.81	657.30	118.33
56.99	844.33	118.33
113.64	808.68	118.33
66.43	848.78	118.34
157.75	719.59	118.34
224.34	617.10	118.34
41.27	741.93	118.36
91.66	661.76	118.36
107.41	630.57	118.36
34.95	813.16	118.36
186.08	670.56	118.37
151.43	728.49	118.37
63.31	701.86	118.37
85.32	848.78	118.37
66.46	697.40	118.37
60.16	706.31	118.37
138.82	755.22	118.38
69.61	692.95	118.38
88.51	666.21	118.38
224.32	608.34	118.38
167.18	697.31	118.39
57.02	710.76	118.39
129.38	777.49	118.39
72.76	688.49	118.39
154.59	724.03	118.39
31.81	790.90	118.40
85.36	670.67	118.40
75.91	684.04	118.40
113.72	612.75	118.40
44.40	835.42	118.40
116.79	804.23	118.40
82.21	675.12	118.40
79.06	679.58	118.40
41.25	830.97	118.40
182.93	675.02	118.40
60.14	848.78	118.41
53.87	715.22	118.41
31.81	782.00	118.41
31.81	799.81	118.42
47.54	839.88	118.42
97.91	839.88	118.42
34.97	759.74	118.43
101.06	835.42	118.43
38.10	826.52	118.43
170.34	692.85	118.43
179.79	679.48	118.43
94.77	844.33	118.44
75.88	853.23	118.44
50.72	719.67	118.45
104.21	830.97	118.45
176.64	683.94	118.45
104.26	635.02	118.45
173.49	688.40	118.45
69.58	853.23	118.46
50.69	844.33	118.46
82.18	853.24	118.47
31.81	808.71	118.48
31.81	773.09	118.48
38.12	746.38	118.48
119.94	799.77	118.48
91.62	848.78	118.48
34.95	822.07	118.48
160.89	715.15	118.49
107.35	826.51	118.49
217.57	634.93	118.50
160.04	719.17	118.50
214.43	639.38	118.50
47.57	724.12	118.50
63.29	853.23	118.51
132.53	773.04	118.52
141.98	750.77	118.52
53.84	848.78	118.52
110.56	617.20	118.53
101.11	639.48	118.53
211.28	643.83	118.54
88.47	853.24	118.55
110.50	822.06	118.55
220.72	630.48	118.56
31.80	817.62	118.57
44.42	728.57	118.57
123.09	795.32	118.58
31.81	764.19	118.59
28.66	795.35	118.59
72.73	857.69	118.59
79.03	857.69	118.60
97.96	643.93	118.60
56.99	853.24	118.60
28.66	786.45	118.61
208.13	648.29	118.61
41.25	839.88	118.61
38.10	835.43	118.61
34.97	750.83	118.62
28.66	804.26	118.62
44.39	844.33	118.63
66.43	857.69	118.63
113.65	817.60	118.63
34.95	830.98	118.64
85.32	857.69	118.64
145.13	746.32	118.65
101.06	844.33	118.65
107.41	621.66	118.65
97.92	848.79	118.65
135.68	768.59	118.66
41.26	733.02	118.66
94.81	648.39	118.66
28.66	777.54	118.66
47.54	848.79	118.67
104.21	839.88	118.67
164.04	710.69	118.68
94.77	853.24	118.68
28.65	813.17	118.68
204.98	652.74	118.68
113.72	603.84	118.68
126.24	790.87	118.69
31.80	826.52	118.69
60.14	857.69	118.70
91.66	652.84	118.71
116.80	813.15	118.72
107.36	835.43	118.72
226.95	612.73	118.72
50.69	853.24	118.73
223.86	626.04	118.74
91.62	857.70	118.74
75.88	862.15	118.74
88.50	657.30	118.74
201.84	657.20	118.75
104.26	626.11	118.75
38.11	737.47	118.76
148.28	741.86	118.76
82.18	862.15	118.76
69.58	862.15	118.76
28.66	768.64	118.76
31.81	755.28	118.76
85.35	661.75	118.77
28.65	822.07	118.77
25.51	799.81	118.79
82.20	666.21	118.79
110.50	830.97	118.79
25.51	790.90	118.80
167.19	706.23	118.80
138.83	764.14	118.80
79.05	670.66	118.81
129.39	786.41	118.81
53.84	857.69	118.81
75.90	675.12	118.81
63.31	692.94	118.82
66.46	688.48	118.82
72.75	679.57	118.82
69.61	684.03	118.82
63.28	862.15	118.82
60.16	697.39	118.82
25.50	808.71	118.82
198.69	661.66	118.82
88.47	862.15	118.82
119.95	808.69	118.83
57.01	701.85	118.83
38.09	844.34	118.83
110.56	608.29	118.83
34.95	839.88	118.83
53.86	706.30	118.84
25.51	782.00	118.85
41.24	848.79	118.85
101.11	630.56	118.85
31.80	835.43	118.85
151.44	737.41	118.86
101.07	853.25	118.86
50.71	710.75	118.87
34.96	741.92	118.87
104.21	848.79	118.88
97.92	857.70	118.88
25.50	817.62	118.88
195.54	666.12	118.88
113.65	826.52	118.89
44.39	853.24	118.89
170.34	701.77	118.89
47.56	715.21	118.90
28.65	830.98	118.91
79.03	866.60	118.91
56.99	862.15	118.91
72.73	866.60	118.91
28.66	759.73	118.92
107.36	844.34	118.92
94.77	862.15	118.93
154.59	732.95	118.93
97.95	635.02	118.93
192.39	670.58	118.93
85.33	866.60	118.94
25.51	773.09	118.94
123.10	804.24	118.94
132.54	781.96	118.94
47.54	857.70	118.95
66.43	866.60	118.95
44.41	719.66	118.95
141.99	759.69	118.95
173.49	697.32	118.96
107.41	612.74	118.96
189.24	675.03	118.97
157.74	728.50	118.98
160.90	724.04	118.98
25.50	826.53	118.98
22.35	804.26	118.99
22.35	795.36	118.99
116.80	822.06	119.00
31.81	746.37	119.00
110.51	839.89	119.00
186.09	679.49	119.00
176.64	692.86	119.00
94.80	639.47	119.00
91.62	866.61	119.01
182.94	683.95	119.01
179.79	688.41	119.02
41.26	724.11	119.02
22.35	813.17	119.02
60.13	866.60	119.02
50.69	862.15	119.03
22.35	786.45	119.04
164.05	719.60	119.04
31.79	844.34	119.05
34.94	848.79	119.06
91.65	643.93	119.06
126.25	799.79	119.07
104.22	857.70	119.07
75.88	871.06	119.07
28.64	839.89	119.08
38.09	853.25	119.08
104.25	617.20	119.08
101.07	862.16	119.08
25.51	764.18	119.08
227.01	621.61	119.08
82.18	871.06	119.08
22.35	822.08	119.09
135.69	777.51	119.09
38.11	728.56	119.09
113.66	835.43	119.10
145.14	755.23	119.10
69.58	871.06	119.10
107.36	853.25	119.10
88.50	648.38	119.12
22.35	777.54	119.12
119.95	817.61	119.12
41.24	857.70	119.12
25.50	835.43	119.12
97.92	866.61	119.13
88.48	871.06	119.13
53.84	866.61	119.13
28.66	750.83	119.13
63.28	871.06	119.16
85.35	652.84	119.16
110.51	848.80	119.17
34.96	733.01	119.18
44.39	862.15	119.18
101.10	621.65	119.19
19.20	808.72	119.19
19.20	799.81	119.19
82.20	657.29	119.19
22.35	830.98	119.20
129.40	795.33	119.21
94.77	871.06	119.21
220.74	639.40	119.21
79.05	661.74	119.22
116.81	830.98	119.22
217.59	643.86	119.22
19.20	817.62	119.22
19.20	790.90	119.23
167.20	715.15	119.23
75.90	666.20	119.24
148.29	750.78	119.24
56.98	871.06	119.25
138.84	773.06	119.25
22.35	768.64	119.25
72.75	670.65	119.25
79.03	875.51	119.25
123.10	813.16	119.26
69.60	675.11	119.26
214.44	648.31	119.27
72.73	875.51	119.27
47.54	866.61	119.27
66.45	679.56	119.27
223.89	634.96	119.27
113.66	844.35	119.27
63.30	684.02	119.27
85.33	875.52	119.28
25.50	755.28	119.28
60.15	688.47	119.28
97.95	626.10	119.28
57.00	692.93	119.28
31.80	737.46	119.29
107.37	862.16	119.29
104.22	866.61	119.29
28.64	848.80	119.29
31.79	853.25	119.29
53.85	697.38	119.30
19.20	826.53	119.30
107.40	603.83	119.30
19.20	782.00	119.30
25.49	844.34	119.31
66.43	875.52	119.31
50.70	701.84	119.31
34.94	857.70	119.32
211.30	652.77	119.33
110.52	857.71	119.33
91.63	875.52	119.33
101.07	871.07	119.33
47.55	706.29	119.34
22.34	839.89	119.35
132.55	790.88	119.36
119.96	826.53	119.36
151.45	746.33	119.36
94.80	630.56	119.37
38.09	862.16	119.37
50.69	871.06	119.37
170.35	710.70	119.37
44.40	710.74	119.37
60.13	875.52	119.38
16.05	804.26	119.39
16.05	813.17	119.39
208.15	657.23	119.39
116.81	839.89	119.40
28.65	741.92	119.40
126.25	808.70	119.41
142.00	768.61	119.41
113.67	853.26	119.41
19.19	835.44	119.42
16.05	795.36	119.42
41.25	715.19	119.42
97.92	875.52	119.42
19.20	773.09	119.42
22.35	759.73	119.43
104.25	608.28	119.43
16.05	822.08	119.43
41.24	866.61	119.43
91.65	635.01	119.44
227.04	630.52	119.45
75.88	879.97	119.45
82.18	879.97	119.45
205.00	661.68	119.46
173.50	706.24	119.47
154.60	741.88	119.48
69.58	879.97	119.48
38.10	719.65	119.48
88.48	879.97	119.48
53.83	875.52	119.49
16.05	786.45	119.49
107.37	871.07	119.50
227.63	603.83	119.50
110.52	866.62	119.50
88.49	639.46	119.50
16.04	830.99	119.51
44.39	871.07	119.51
201.85	666.14	119.52
123.11	822.07	119.52
135.70	786.43	119.52
25.50	746.37	119.52
63.28	879.97	119.54
25.49	853.25	119.54
116.82	848.80	119.54
28.64	857.71	119.55
101.10	612.74	119.55
34.95	724.10	119.55
104.22	875.52	119.55
94.78	879.98	119.55
22.34	848.80	119.55
113.67	862.17	119.55
119.96	835.44	119.55
176.65	701.79	119.56
85.34	643.92	119.56
157.75	737.42	119.57
129.41	804.25	119.57
198.70	670.60	119.57
145.15	764.15	119.57
31.79	862.16	119.57
19.19	844.35	119.58
12.89	808.72	119.58
19.20	764.18	119.59
12.89	817.63	119.59
16.05	777.54	119.60
82.19	648.37	119.60
195.55	675.06	119.61
12.89	799.81	119.61
179.81	697.33	119.61
47.54	875.52	119.62
34.94	866.62	119.62
56.98	879.98	119.62
31.80	728.55	119.63
12.89	826.53	119.64
192.41	679.51	119.64
79.04	652.83	119.64
16.04	839.89	119.64
160.91	732.97	119.64
101.08	879.98	119.64
182.96	692.88	119.65
79.03	884.43	119.65
97.94	617.19	119.65
116.82	857.71	119.65
189.26	683.97	119.66
22.35	750.82	119.66
186.11	688.42	119.66
72.73	884.43	119.67
85.33	884.43	119.67
75.89	657.28	119.67
12.89	790.90	119.67
38.09	871.07	119.69
138.86	781.98	119.69
72.74	661.73	119.69
119.97	844.35	119.70
126.26	817.62	119.70
164.06	728.52	119.71
66.43	884.43	119.71
91.63	884.43	119.71
113.67	871.08	119.71
69.59	666.19	119.71
110.52	875.53	119.71
28.64	733.00	119.72
66.44	670.64	119.73
123.11	830.99	119.73
12.89	835.44	119.73
148.31	759.70	119.73
63.29	675.10	119.74
50.68	879.98	119.74
132.56	799.80	119.74
60.14	679.55	119.75
94.79	621.64	119.75
16.04	768.63	119.75
56.99	684.01	119.76
53.84	688.46	119.77
116.82	866.62	119.77
107.37	879.98	119.77
12.89	781.99	119.78
41.24	875.53	119.78
60.13	884.43	119.78
50.69	692.91	119.78
9.74	813.17	119.78
97.93	884.43	119.78
167.21	724.07	119.79
22.34	857.71	119.80
9.74	822.08	119.80
119.97	853.26	119.80
47.54	697.37	119.80
19.19	755.27	119.80
19.19	853.26	119.80
9.74	804.26	119.81
25.49	862.16	119.81
44.39	701.82	119.83
25.49	737.45	119.83
16.04	848.80	119.83
91.64	626.09	119.83
28.64	866.62	119.84
9.74	830.99	119.85
41.24	706.28	119.86
9.74	795.36	119.86
75.88	888.89	119.88
82.18	888.89	119.88
53.83	884.44	119.88
12.89	844.35	119.88
44.38	879.98	119.88
129.42	813.17	119.88
123.12	839.90	119.88
119.97	862.17	119.88
104.23	884.44	119.89
31.79	871.07	119.89
69.58	888.89	119.90
38.09	710.73	119.90
88.48	888.89	119.90
88.49	630.55	119.91
12.89	773.09	119.92
230.72	616.82	119.92
230.61	626.08	119.92
126.27	826.53	119.93
116.82	875.53	119.93
101.09	603.82	119.94
113.67	879.99	119.94
22.34	741.91	119.94
142.62	777.53	119.95
16.04	759.72	119.95
34.94	715.18	119.96
63.28	888.89	119.96
9.74	839.90	119.96
9.74	786.45	119.96
94.78	888.89	119.96
34.93	875.53	119.96
152.04	755.26	119.96
85.34	635.00	119.97
119.97	871.08	119.98
6.59	817.63	119.98
123.12	848.81	119.99
136.28	795.35	120.00
6.59	826.54	120.00
6.59	808.72	120.00
47.53	884.44	120.01
110.53	884.44	120.02
171.07	719.99	120.02
56.98	888.89	120.04
101.08	888.89	120.04
38.08	879.99	120.05
6.59	835.44	120.07
19.19	862.17	120.07
16.04	857.71	120.07
31.22	719.63	120.07
22.33	866.62	120.08
12.89	853.26	120.09
224.38	644.12	120.10
123.71	857.72	120.10
6.00	799.81	120.10
174.00	715.42	120.11
79.03	893.35	120.11
155.11	751.06	120.11
81.45	639.09	120.11
221.21	648.55	120.11
227.47	639.64	120.12
72.73	893.35	120.12
25.48	871.08	120.12
145.62	773.33	120.12
85.33	893.35	120.12
97.35	607.96	120.13
9.29	777.54	120.13
18.54	746.00	120.13
217.99	652.97	120.14
123.64	866.63	120.14
78.44	643.61	120.14
230.49	608.34	120.14
119.98	879.99	120.14
133.04	808.99	120.14
28.11	723.81	120.15
126.83	835.80	120.15
12.32	763.84	120.16
9.19	848.81	120.16
75.41	648.12	120.17
139.21	791.09	120.17
50.41	889.28	120.17
214.74	657.39	120.18
107.63	889.26	120.18
176.95	710.86	120.18
66.16	893.74	120.18
40.98	884.79	120.18
129.79	822.31	120.18
6.08	790.58	120.19
72.36	652.63	120.19
94.47	612.56	120.19
158.00	746.47	120.19
91.58	893.96	120.20
28.01	875.78	120.21
230.52	634.84	120.21
69.29	657.12	120.21
117.51	884.70	120.21
25.21	728.39	120.21
211.49	661.79	120.21
123.61	875.83	120.21
66.20	661.61	120.22
2.87	822.09	120.22
6.20	844.57	120.22
15.80	750.68	120.22
3.00	813.21	120.23
63.11	666.09	120.23
2.99	830.95	120.24
126.58	844.31	120.24
60.17	893.67	120.24
179.92	706.31	120.24
60.00	670.57	120.24
148.49	768.53	120.25
208.23	666.20	120.25
56.89	675.04	120.25
98.25	893.52	120.25
31.77	880.23	120.26
3.30	804.28	120.26
91.46	617.31	120.26
53.78	679.51	120.26
9.70	768.64	120.27
6.56	782.00	120.27
50.58	684.12	120.27
160.92	741.91	120.27
126.27	853.26	120.27
22.36	732.97	120.27
44.45	888.80	120.28
47.57	688.47	120.28
113.60	888.78	120.28
135.66	804.30	120.28
205.17	670.35	120.28
3.60	839.96	120.28
182.77	702.02	120.28
126.11	862.18	120.29
44.48	692.95	120.29
54.18	893.10	120.30
141.85	786.54	120.30
125.91	871.13	120.30
129.17	831.05	120.30
3.78	795.29	120.31
13.28	755.07	120.31
201.75	675.03	120.31
41.41	697.44	120.31
88.65	621.72	120.31
104.29	892.96	120.31
35.43	884.28	120.32
185.98	697.29	120.32
132.20	817.76	120.32
13.32	861.97	120.32
16.49	866.42	120.33
198.54	679.46	120.33
75.87	897.29	120.33
38.35	701.94	120.33
82.19	897.26	120.34
10.25	857.46	120.34
189.07	692.80	120.34
163.88	737.35	120.34
19.77	870.82	120.34
195.35	683.89	120.34
69.55	897.16	120.34
192.19	688.34	120.34
19.52	737.63	120.34
122.85	884.05	120.35
35.32	706.46	120.36
7.27	852.91	120.36
85.71	626.28	120.36
151.20	764.03	120.36
0.66	826.54	120.37
125.68	879.99	120.37
0.67	817.63	120.38
88.19	897.40	120.38
7.15	773.42	120.38
22.63	875.11	120.38
0.80	835.45	120.39
32.31	710.98	120.39
166.86	732.81	120.40
82.75	630.83	120.40
232.96	630.27	120.41
0.77	808.72	120.41
3.88	786.44	120.41
129.04	839.90	120.42
63.28	897.81	120.43
138.36	799.51	120.43
29.33	715.53	120.43
47.53	893.36	120.43
144.68	781.72	120.44
10.23	759.72	120.44
119.98	888.90	120.45
38.08	888.90	120.45
16.54	741.90	120.45
110.53	893.36	120.45
169.84	728.27	120.46
3.43	848.81	120.46
94.78	897.81	120.46
232.83	621.59	120.46
25.48	879.99	120.47
79.60	634.99	120.48
128.86	848.81	120.48
154.03	759.40	120.48
56.98	897.81	120.50
132.01	826.54	120.52
129.43	875.54	120.52
95.39	603.81	120.53
129.43	866.63	120.53
135.18	813.18	120.53
28.63	884.45	120.54
129.43	857.72	120.55
101.08	897.82	120.55
75.87	639.44	120.58
172.97	724.10	120.58
25.48	719.62	120.58
41.23	893.36	120.58
116.83	893.36	120.60
50.68	897.82	120.60
3.43	777.53	120.60
129.43	884.45	120.60
72.72	643.89	120.62
12.88	746.35	120.62
126.28	888.91	120.63
31.78	888.91	120.64
6.58	764.17	120.64
9.73	866.63	120.65
12.88	871.09	120.65
69.57	648.35	120.65
22.32	724.07	120.66
6.58	862.18	120.66
107.38	897.82	120.66
16.03	875.54	120.67
66.42	652.80	120.68
3.43	857.72	120.69
91.62	608.26	120.69
132.58	879.99	120.70
63.27	657.25	120.70
19.18	880.00	120.71
148.34	777.55	120.72
60.12	661.71	120.72
142.04	795.36	120.73
44.38	897.82	120.73
132.59	835.45	120.73
56.97	666.16	120.74
19.17	728.53	120.74
157.79	755.28	120.74
132.59	871.08	120.75
34.93	893.37	120.75
9.72	750.80	120.75
53.82	670.62	120.76
123.13	893.37	120.76
176.69	719.65	120.77
50.67	675.07	120.77
22.33	884.46	120.77
88.47	612.71	120.78
47.52	679.52	120.79
3.42	768.62	120.80
113.68	897.83	120.80
44.37	683.98	120.80
132.59	862.17	120.81
132.59	844.36	120.82
41.22	688.43	120.82
132.58	888.91	120.84
16.02	732.98	120.84
138.89	808.73	120.84
132.59	853.26	120.84
135.74	822.09	120.84
38.07	692.89	120.85
25.48	888.91	120.85
233.06	612.71	120.86
85.31	617.16	120.87
179.84	715.20	120.87
135.73	884.45	120.88
34.92	697.34	120.88
38.08	897.82	120.88
6.57	755.26	120.89
160.95	750.83	120.89
227.09	648.39	120.91
31.77	701.79	120.92
230.25	643.94	120.92
151.50	773.10	120.93
223.94	652.85	120.93
82.16	621.61	120.94
28.63	893.37	120.95
12.87	737.43	120.95
135.74	875.53	120.95
129.43	893.37	120.95
6.58	871.09	120.95
145.20	790.92	120.96
119.98	897.83	120.96
9.73	875.55	120.96
28.62	706.25	120.96
220.79	657.30	120.97
183.00	710.75	120.97
3.42	866.64	120.97
233.40	639.48	120.98
12.88	880.00	120.98
79.01	626.06	121.00
217.65	661.76	121.01
25.47	710.70	121.02
135.75	831.00	121.02
16.03	884.46	121.03
164.10	746.38	121.03
3.42	759.71	121.03
138.89	888.91	121.03
186.15	706.30	121.04
214.50	666.22	121.05
75.86	630.52	121.06
9.72	741.89	121.06
31.78	897.83	121.06
135.74	866.62	121.06
22.31	715.15	121.08
19.17	888.92	121.09
142.05	804.28	121.09
211.35	670.67	121.09
189.30	701.85	121.10
72.71	634.97	121.10
138.90	817.64	121.12
138.89	879.98	121.12
154.66	768.65	121.13
208.20	675.13	121.13
135.75	839.90	121.13
236.56	635.02	121.14
192.45	697.39	121.15
126.28	897.84	121.15
69.56	639.42	121.15
135.74	893.38	121.15
135.75	857.72	121.15
19.16	719.61	121.15
167.26	741.93	121.15
205.05	679.58	121.16
22.32	893.37	121.17
195.60	692.94	121.17
135.75	848.81	121.17
201.90	684.04	121.17
198.75	688.49	121.18
66.41	643.88	121.18
6.56	746.34	121.18
148.36	786.47	121.19
236.58	626.06	121.19
145.24	888.89	121.20
63.26	648.33	121.21
16.01	724.06	121.23
60.11	652.78	121.23
142.05	884.43	121.25
56.96	657.24	121.26
170.41	737.49	121.26
25.47	897.83	121.26
88.45	603.78	121.27
3.42	875.55	121.27
53.81	661.69	121.27
6.57	880.01	121.28
50.66	666.14	121.29
145.81	890.85	121.30
138.90	871.07	121.30
47.51	670.60	121.31
9.72	884.47	121.31
3.41	750.79	121.31
142.05	893.41	121.32
12.86	728.51	121.32
157.81	764.21	121.32
44.36	675.05	121.32
138.91	826.55	121.33
41.21	679.51	121.34
12.87	888.92	121.35
145.21	799.83	121.35
85.30	608.24	121.35
38.06	683.96	121.36
132.59	897.85	121.37
173.56	733.04	121.37
34.91	688.42	121.38
142.06	813.19	121.40
16.02	893.38	121.41
31.76	692.87	121.41
9.71	732.97	121.41
151.52	782.02	121.42
82.15	612.69	121.43
138.91	862.17	121.44
28.61	697.32	121.45
233.49	603.80	121.46
138.91	835.45	121.47
176.72	728.59	121.47
25.45	701.78	121.49
19.17	897.84	121.49
79.00	617.14	121.50
160.97	759.76	121.51
6.56	737.42	121.52
138.91	853.26	121.52
239.75	630.51	121.53
142.06	875.52	121.53
138.91	844.36	121.53
22.30	706.23	121.54
75.85	621.59	121.56
179.87	724.14	121.58
19.15	710.69	121.59
3.42	884.47	121.61
72.70	626.05	121.61
148.37	795.38	121.61
3.40	741.87	121.63
6.57	888.93	121.64
142.07	822.10	121.64
138.90	897.88	121.65
154.68	777.58	121.65
16.00	715.14	121.66
69.55	630.50	121.66
164.13	755.31	121.68
9.72	893.38	121.68
183.03	719.69	121.68
145.23	808.74	121.69
66.40	634.95	121.70
12.85	719.59	121.73
63.25	639.40	121.73
142.07	866.61	121.74
12.87	897.84	121.75
145.23	879.97	121.75
60.10	643.86	121.76
186.18	715.24	121.78
56.95	648.31	121.79
53.80	652.76	121.81
9.70	724.05	121.81
142.08	831.00	121.81
50.65	657.22	121.83
167.28	750.87	121.83
47.50	661.67	121.84
44.35	666.13	121.86
189.33	710.79	121.86
142.08	857.71	121.87
41.20	670.58	121.87
151.54	790.94	121.88
157.84	773.13	121.88
38.04	675.03	121.89
6.55	728.50	121.90
142.08	839.91	121.91
34.89	679.49	121.91
230.29	652.91	121.92
227.14	657.36	121.93
142.08	848.81	121.93
192.48	706.34	121.93
31.74	683.94	121.93
233.44	648.45	121.94
223.99	661.82	121.94
236.68	617.11	121.94
82.13	603.76	121.95
28.59	688.40	121.96
220.83	666.27	121.97
145.24	817.65	121.97
3.41	893.39	121.97
170.44	746.42	121.98
195.63	701.89	121.98
148.39	804.30	121.99
236.60	644.00	121.99
25.44	692.85	121.99
217.68	670.72	121.99
148.43	893.45	122.00
3.39	732.95	122.00
148.41	884.42	122.00
214.53	675.18	122.02
6.56	897.85	122.02
198.78	697.44	122.02
78.98	608.21	122.02
22.29	697.31	122.03
145.23	871.06	122.03
242.45	635.11	122.03
211.38	679.63	122.04
244.57	630.53	122.04
201.93	692.99	122.04
208.23	684.08	122.05
205.09	688.54	122.05
239.76	639.55	122.06
19.14	701.76	122.07
75.83	612.67	122.09
161.00	768.69	122.10
173.60	741.98	122.11
15.99	706.22	122.12
145.24	897.93	122.14
239.04	622.61	122.14
179.17	732.05	122.14
154.70	786.49	122.14
72.68	617.12	122.14
150.08	888.91	122.15
145.24	826.55	122.17
12.84	710.67	122.18
69.53	621.57	122.19
235.91	609.32	122.20
151.05	799.87	122.21
145.24	862.16	122.22
147.90	813.21	122.22
157.10	780.99	122.22
163.65	764.27	122.23
144.74	835.46	122.23
176.75	737.53	122.23
182.29	727.54	122.24
66.38	626.02	122.24
51.38	649.34	122.24
9.69	715.12	122.25
144.74	853.25	122.25
48.23	653.81	122.26
242.12	627.14	122.26
147.88	875.50	122.26
45.09	658.27	122.27
63.23	630.48	122.28
144.73	844.36	122.28
4.14	725.10	122.28
41.94	662.73	122.29
166.52	758.69	122.29
38.80	667.19	122.30
60.08	634.93	122.31
54.29	643.81	122.31
35.65	671.65	122.32
6.54	719.58	122.32
185.40	723.04	122.33
32.51	676.12	122.34
56.93	639.38	122.34
146.85	866.63	122.35
29.37	680.58	122.35
1.02	729.60	122.37
26.23	685.05	122.38
149.98	808.72	122.38
147.60	820.98	122.39
159.42	777.54	122.39
153.90	794.26	122.40
23.08	689.52	122.41
79.78	600.44	122.42
188.52	718.54	122.42
149.94	879.99	122.43
19.95	693.99	122.44
169.62	754.16	122.45
146.78	830.99	122.46
16.81	698.46	122.48
190.86	715.17	122.48
76.65	604.92	122.48
146.76	857.72	122.49
246.36	631.45	122.50
14.47	701.81	122.51
74.32	608.27	122.52
193.19	711.82	122.53
146.72	839.90	122.54
12.12	705.17	122.55
146.71	848.81	122.55
161.67	774.19	122.55
71.97	611.63	122.56
171.90	750.81	122.56
149.05	869.97	122.59
156.13	790.90	122.59
196.32	707.34	122.59
8.99	709.65	122.60
152.20	805.36	122.60
68.83	616.11	122.61
149.80	817.63	122.63
199.46	702.86	122.64
50.73	643.97	122.64
65.70	620.59	122.65
151.92	884.47	122.65
2.97	719.70	122.65
245.94	634.90	122.66
5.86	714.13	122.66
47.58	648.42	122.66
174.24	747.40	122.66
227.80	662.75	122.67
224.65	667.20	122.67
230.94	658.29	122.67
202.60	698.39	122.67
44.43	652.88	122.68
221.49	671.65	122.68
148.78	826.51	122.68
62.56	625.06	122.68
218.34	676.10	122.69
41.28	657.33	122.69
234.09	653.83	122.69
205.74	693.92	122.69
158.22	786.37	122.69
215.19	680.55	122.70
208.89	689.46	122.70
212.04	685.00	122.71
38.13	661.78	122.71
148.77	862.20	122.71
59.42	629.53	122.71
34.98	666.24	122.72
148.25	835.44	122.73
237.22	649.36	122.74
31.83	670.69	122.74
56.28	634.00	122.74
151.40	813.14	122.75
154.55	799.77	122.75
148.25	853.27	122.75
28.68	675.15	122.76
151.90	893.28	122.76
149.01	898.78	122.76
53.14	638.46	122.76
164.75	769.63	122.77
180.25	737.33	122.78
25.53	679.60	122.78
148.25	844.35	122.78
167.14	764.10	122.79
177.35	742.88	122.79
22.38	684.05	122.80
151.40	875.56	122.81
237.88	612.72	122.81
182.90	732.91	122.81
240.34	644.87	122.81
236.89	603.84	122.82
19.23	688.50	122.83
16.08	692.96	122.86
160.85	781.94	122.88
12.93	697.41	122.91
243.44	640.35	122.91
186.05	728.46	122.92
9.78	701.86	122.95
72.78	603.87	122.97
170.30	759.65	122.99
151.41	822.06	122.99
6.63	706.31	123.01
189.20	724.00	123.02
69.63	608.32	123.03
151.41	866.64	123.03
157.71	795.32	123.06
3.47	710.76	123.07
66.47	612.78	123.07
154.56	808.69	123.10
63.32	617.23	123.11
192.36	719.55	123.12
60.17	621.68	123.15
164.01	777.49	123.15
151.41	830.98	123.16
154.55	888.89	123.17
173.46	755.20	123.17
57.02	626.14	123.18
151.41	857.73	123.18
239.97	617.32	123.18
195.51	715.10	123.20
53.87	630.59	123.20
50.72	635.04	123.23
151.42	839.90	123.24
47.57	639.50	123.24
154.56	880.00	123.25
151.42	848.81	123.25
44.42	643.95	123.26
41.27	648.40	123.27
198.66	710.65	123.28
38.12	652.86	123.29
34.97	657.31	123.30
31.82	661.77	123.31
28.67	666.22	123.32
201.82	706.20	123.34
25.52	670.67	123.34
176.61	750.75	123.34
22.37	675.13	123.36
160.87	790.87	123.37
154.57	817.61	123.38
19.22	679.58	123.38
204.97	701.74	123.38
167.17	773.04	123.40
16.07	684.03	123.41
208.12	697.29	123.41
211.27	692.83	123.43
12.91	688.49	123.44
214.42	688.38	123.45
157.72	804.24	123.45
217.57	683.92	123.45
220.72	679.46	123.45
223.87	675.01	123.46
154.57	871.09	123.46
227.02	670.55	123.46
9.76	692.94	123.47
230.16	666.10	123.48
179.77	746.30	123.50
233.31	661.65	123.51
6.61	697.39	123.51
236.46	657.19	123.56
3.46	701.84	123.56
154.58	826.53	123.58
154.58	862.18	123.63
182.93	741.85	123.63
239.61	652.74	123.64
154.58	897.77	123.65
170.33	768.59	123.65
164.03	786.42	123.68
66.46	603.85	123.68
154.58	835.44	123.71
63.31	608.30	123.72
243.36	621.71	123.73
154.58	853.27	123.73
60.16	612.75	123.75
186.08	737.40	123.76
154.59	844.35	123.76
157.73	813.16	123.77
242.77	648.30	123.78
57.01	617.21	123.78
160.88	799.79	123.80
53.85	621.66	123.81
50.70	626.12	123.83
157.73	884.45	123.83
47.55	630.57	123.85
44.40	635.02	123.86
189.24	732.95	123.87
41.25	639.48	123.88
173.49	764.14	123.88
38.10	643.93	123.89
246.63	625.81	123.90
34.95	648.38	123.90
31.80	652.84	123.91
28.65	657.29	123.92
25.50	661.75	123.93
22.35	666.20	123.94
157.74	875.54	123.95
19.20	670.65	123.95
16.05	675.11	123.97
192.39	728.50	123.97
167.19	781.97	123.98
12.90	679.56	123.99
157.74	822.07	124.02
157.74	893.34	124.02
9.75	684.01	124.02
249.54	630.33	124.03
6.60	688.47	124.05
195.55	724.05	124.07
3.45	692.92	124.09
176.64	759.69	124.09
157.75	866.63	124.11
246.43	643.87	124.13
164.05	795.34	124.15
160.90	808.71	124.16
198.70	719.60	124.17
240.14	607.91	124.17
158.37	830.99	124.29
158.30	857.72	124.33
170.85	777.52	124.36
158.27	839.90	124.37
158.25	848.81	124.38
202.55	715.50	124.41
180.44	755.58	124.43
205.60	710.99	124.46
208.67	706.50	124.50
59.37	603.45	124.50
249.49	639.32	124.51
56.28	607.93	124.52
211.76	702.01	124.52
53.17	612.41	124.53
161.39	817.93	124.54
214.86	697.53	124.55
50.06	616.88	124.55
183.33	751.00	124.55
46.95	621.35	124.56
217.97	693.06	124.56
167.58	791.11	124.57
43.82	625.82	124.57
40.69	630.29	124.58
221.09	688.59	124.58
37.56	634.75	124.58
34.42	639.21	124.59
224.20	684.12	124.59
31.29	643.67	124.59
28.15	648.13	124.59
25.01	652.59	124.60
173.79	773.23	124.60
21.88	657.05	124.60
227.32	679.65	124.60
18.75	661.52	124.61
161.30	880.00	124.61
15.62	665.98	124.62
230.42	675.18	124.62
164.52	804.12	124.62
12.51	670.45	124.63
161.20	888.86	124.63
9.40	674.92	124.64
6.30	679.40	124.65
233.51	670.70	124.65
186.26	746.43	124.66
3.21	683.89	124.67
161.11	871.10	124.67
161.09	826.51	124.69
236.58	666.20	124.69
160.85	862.17	124.74
189.09	742.06	124.75
239.42	661.98	124.75
160.76	835.46	124.76
176.44	768.77	124.77
170.12	786.56	124.78
160.67	853.25	124.79
160.63	844.36	124.80
163.70	813.27	124.81
192.20	737.34	124.83
242.62	657.17	124.85
160.64	897.64	124.86
166.91	799.62	124.86
195.20	732.81	124.89
179.38	763.93	124.94
198.21	728.29	124.95
242.53	612.62	124.96
245.57	652.61	124.98
172.92	781.65	125.01
201.21	723.76	125.03
163.64	822.09	125.05
251.86	634.65	125.07
53.82	603.80	125.10
50.67	608.25	125.11
163.65	884.45	125.12
47.52	612.71	125.13
163.61	875.53	125.13
44.37	617.16	125.14
41.22	621.61	125.15
38.07	626.07	125.15
34.92	630.52	125.16
31.77	634.98	125.16
182.42	759.74	125.16
28.62	639.43	125.16
25.47	643.89	125.17
22.32	648.34	125.17
19.17	652.80	125.17
204.41	719.65	125.17
16.02	657.25	125.18
12.87	661.70	125.18
248.47	648.01	125.19
166.62	808.73	125.19
9.72	666.16	125.19
169.77	795.37	125.20
6.57	670.61	125.20
163.49	866.62	125.21
3.42	675.07	125.22
163.48	893.36	125.28
242.34	603.45	125.29
164.10	831.00	125.31
208.20	715.21	125.37
164.11	857.72	125.41
164.11	839.90	125.41
211.35	710.76	125.44
164.11	848.81	125.44
176.71	777.56	125.46
186.16	755.30	125.48
214.50	706.31	125.49
245.42	617.44	125.50
217.66	701.86	125.53
220.81	697.41	125.57
223.96	692.95	125.60
167.27	817.64	125.60
227.11	688.50	125.64
189.32	750.86	125.66
230.26	684.05	125.68
173.57	790.93	125.69
233.42	679.60	125.73
170.42	804.28	125.73
179.87	773.12	125.76
236.57	675.15	125.80
47.50	603.77	125.81
16.01	648.32	125.81
12.86	652.77	125.81
19.16	643.86	125.82
9.71	657.23	125.82
22.30	639.41	125.82
44.35	608.22	125.82
192.48	746.41	125.82
25.45	634.95	125.82
6.56	661.68	125.82
167.28	826.55	125.82
41.20	612.68	125.82
28.60	630.50	125.82
31.75	626.04	125.83
38.05	617.13	125.83
34.90	621.59	125.83
3.41	666.14	125.83
239.73	670.70	125.89
167.29	879.99	125.92
252.37	643.96	125.92
167.29	871.08	125.95
195.63	741.97	125.95
167.28	835.45	125.97
167.29	862.17	126.01
167.30	888.91	126.02
242.89	666.25	126.02
183.04	768.68	126.04
167.29	844.36	126.04
198.79	737.52	126.04
176.74	786.49	126.05
167.29	853.26	126.05
170.44	813.20	126.07
249.26	621.46	126.11
173.59	799.84	126.15
246.06	661.81	126.20
202.82	732.98	126.20
205.10	728.63	126.24
186.20	764.24	126.29
167.31	897.84	126.32
170.45	822.10	126.33
252.46	625.91	126.34
208.25	724.18	126.38
179.91	782.05	126.40
249.23	657.36	126.45
3.39	657.20	126.46
6.54	652.75	126.46
9.69	648.29	126.46
12.84	643.84	126.47
211.40	719.73	126.47
15.99	639.38	126.48
19.14	634.93	126.48
226.45	696.47	126.49
22.29	630.47	126.49
25.44	626.02	126.50
251.67	651.89	126.50
28.58	621.56	126.51
31.73	617.11	126.51
34.88	612.65	126.52
170.46	831.01	126.52
38.03	608.20	126.52
229.59	692.00	126.52
41.18	603.74	126.52
169.99	875.54	126.53
189.36	759.80	126.53
173.61	808.75	126.53
254.84	631.55	126.54
214.56	715.28	126.55
169.98	866.62	126.55
255.06	639.50	126.56
176.77	795.40	126.56
169.98	884.46	126.57
232.72	687.52	126.57
169.97	857.71	126.59
169.97	848.81	126.59
217.71	710.83	126.61
223.52	701.97	126.61
235.85	683.04	126.63
182.57	777.63	126.63
170.47	839.91	126.64
192.01	755.40	126.64
194.90	749.83	126.65
220.86	706.38	126.66
238.98	678.54	126.70
173.09	817.67	126.73
179.14	789.86	126.73
245.33	609.35	126.73
169.94	893.40	126.75
172.09	826.54	126.76
175.98	803.19	126.78
198.00	745.31	126.78
185.42	772.02	126.78
242.10	674.04	126.80
253.94	648.36	126.81
201.12	740.81	126.88
244.44	670.63	126.89
171.99	835.45	126.89
203.45	737.45	126.92
1.07	653.92	126.94
4.22	649.46	126.94
7.37	645.01	126.95
9.73	641.67	126.95
12.10	638.34	126.96
171.94	871.08	126.97
171.94	844.35	126.97
15.25	633.89	126.97
205.78	734.08	126.97
187.68	768.63	126.97
18.40	629.44	126.98
171.93	879.99	126.98
181.38	786.45	126.98
175.07	813.17	126.99
171.92	862.17	126.99
21.56	624.99	126.99
171.92	853.26	127.00
24.71	620.54	127.00
246.72	667.28	127.00
27.87	616.09	127.01
31.02	611.64	127.02
34.17	607.19	127.03
37.32	602.74	127.04
178.17	799.81	127.07
171.86	888.90	127.08
174.22	823.17	127.11
208.89	729.58	127.11
189.97	765.21	127.15
256.82	634.99	127.19
249.80	662.73	127.20
171.03	898.85	127.20
212.01	725.07	127.21
256.06	644.95	127.22
173.95	830.97	127.22
183.64	783.00	127.23
226.98	701.69	127.23
177.09	808.67	127.23
180.23	795.28	127.26
230.13	697.24	127.28
215.14	720.58	127.29
173.42	848.80	127.30
173.42	866.63	127.31
173.41	875.53	127.31
173.42	857.72	127.32
252.66	657.13	127.32
246.53	604.90	127.33
195.48	755.17	127.33
233.28	692.79	127.33
186.02	777.47	127.33
173.92	839.89	127.34
218.26	716.10	127.35
193.05	760.65	127.37
173.42	884.43	127.37
221.40	711.62	127.40
236.43	688.34	127.40
3.48	643.97	127.43
176.58	817.60	127.44
6.63	639.51	127.44
224.53	707.14	127.44
9.78	635.06	127.45
12.93	630.61	127.47
247.22	612.74	127.48
239.58	683.89	127.48
16.08	626.15	127.48
19.23	621.70	127.50
198.64	750.72	127.51
22.38	617.24	127.52
25.53	612.79	127.53
28.68	608.33	127.55
31.83	603.88	127.56
173.43	893.33	127.57
182.89	790.85	127.57
242.73	679.44	127.59
179.74	804.23	127.60
255.31	652.74	127.61
255.72	626.27	127.64
189.19	773.02	127.66
201.79	746.27	127.66
176.59	826.52	127.67
252.79	620.87	127.68
249.63	616.39	127.70
245.89	675.00	127.74
204.95	741.82	127.78
258.44	639.44	127.80
176.60	835.44	127.84
208.11	737.37	127.89
249.05	670.56	127.92
176.61	844.35	127.94
179.76	813.15	127.95
192.36	768.57	127.96
186.06	786.41	127.97
176.61	853.26	127.99
211.26	732.92	128.00
176.61	862.17	128.02
176.61	871.08	128.03
182.91	799.78	128.06
176.61	879.99	128.08
214.42	728.47	128.11
3.46	635.03	128.12
6.61	630.58	128.14
9.76	626.13	128.16
252.21	666.12	128.17
12.91	621.67	128.18
217.57	724.02	128.19
16.06	617.22	128.20
176.61	888.89	128.22
19.21	612.76	128.23
195.52	764.13	128.23
179.77	822.07	128.23
22.36	608.30	128.25
220.73	719.57	128.26
25.51	603.85	128.27
223.88	715.12	128.32
259.02	630.58	128.34
189.23	781.96	128.35
227.03	710.67	128.37
259.11	648.33	128.41
230.18	706.22	128.42
179.78	830.98	128.43
182.93	808.70	128.46
233.33	701.77	128.47
198.68	759.68	128.47
177.21	897.80	128.62
255.88	661.69	128.64
186.69	795.34	128.64
237.12	697.32	128.66
180.34	839.90	128.70
180.26	848.81	128.77
240.34	693.22	128.80
180.20	857.72	128.81
180.16	866.63	128.84
202.44	755.55	128.85
243.37	688.71	128.87
192.98	777.85	128.87
3.13	625.65	128.90
183.51	817.98	128.91
180.30	875.87	128.93
246.36	684.19	128.95
5.85	621.30	128.97
205.38	750.99	128.97
249.44	608.62	128.98
9.07	616.88	128.98
12.29	612.46	129.00
15.52	608.03	129.02
189.56	791.07	129.03
180.27	884.40	129.03
258.97	657.09	129.04
18.74	603.61	129.04
249.33	679.64	129.05
186.56	804.13	129.06
208.35	746.44	129.07
183.27	826.49	129.09
261.90	643.88	129.09
261.86	635.02	129.10
195.87	772.90	129.11
179.93	893.34	129.14
211.48	741.74	129.16
252.22	675.12	129.19
182.93	835.45	129.19
214.39	737.41	129.23
185.84	813.24	129.26
182.69	844.37	129.27
217.43	732.90	129.29
192.01	786.62	129.29
198.51	768.51	129.31
182.54	853.28	129.31
220.48	728.40	129.34
182.45	862.19	129.35
188.93	799.60	129.36
255.13	670.48	129.37
223.55	723.91	129.39
182.35	871.11	129.39
261.42	652.63	129.40
250.53	611.41	129.40
255.22	617.26	129.41
258.32	621.74	129.42
226.63	719.43	129.42
229.72	714.94	129.46
232.81	710.46	129.49
201.34	763.89	129.49
185.76	822.09	129.52
235.90	705.98	129.53
182.63	879.99	129.54
251.71	603.89	129.56
3.42	617.16	129.57
238.97	701.48	129.57
257.95	665.84	129.59
6.57	612.70	129.60
9.72	608.25	129.64
261.22	626.36	129.64
195.08	782.01	129.66
182.52	888.90	129.68
12.87	603.79	129.68
251.92	612.85	129.70
185.57	831.00	129.70
188.70	808.73	129.73
204.43	759.75	129.76
242.85	697.40	129.85
264.42	639.44	129.88
192.47	795.38	129.93
246.01	692.95	129.95
186.17	839.91	129.98
183.03	897.82	130.05
249.17	688.50	130.08
186.18	848.81	130.10
208.22	755.32	130.11
198.78	777.58	130.17
186.18	857.72	130.19
189.33	817.64	130.19
261.79	661.76	130.22
264.95	648.38	130.23
252.33	684.06	130.25
186.19	866.63	130.27
211.38	750.88	130.29
3.40	608.22	130.33
186.20	875.54	130.37
6.55	603.76	130.37
192.49	804.29	130.39
195.64	790.94	130.40
214.54	746.44	130.43
189.34	826.55	130.44
255.49	679.61	130.46
264.98	630.49	130.47
186.21	884.46	130.51
201.95	773.14	130.53
217.70	741.99	130.54
189.36	835.46	130.63
220.85	737.54	130.63
224.00	733.10	130.71
186.22	893.38	130.72
258.66	675.17	130.73
264.98	657.32	130.76
227.15	728.65	130.76
192.51	813.20	130.76
189.37	844.37	130.78
230.30	724.19	130.81
255.48	608.24	130.83
205.12	768.71	130.85
233.46	719.74	130.85
198.82	786.50	130.85
189.37	853.27	130.89
236.61	715.29	130.90
261.12	618.04	130.91
195.67	799.85	130.92
248.51	696.48	130.92
261.35	670.75	130.94
239.76	710.84	130.95
267.65	643.92	130.95
188.89	871.10	130.97
189.38	862.18	130.99
242.91	706.38	131.01
258.17	612.57	131.02
207.78	764.31	131.02
201.25	781.03	131.02
251.62	691.96	131.04
192.53	822.11	131.05
267.63	634.94	131.07
210.66	758.75	131.08
246.07	701.93	131.09
264.21	622.62	131.10
188.87	880.01	131.10
267.38	651.77	131.12
192.00	831.02	131.15
264.20	665.14	131.16
198.05	794.31	131.17
254.72	687.43	131.18
188.61	887.82	131.19
195.14	808.78	131.20
190.99	848.81	131.21
191.74	838.80	131.24
213.75	754.22	131.24
187.80	897.81	131.26
194.09	817.63	131.28
203.53	777.54	131.29
190.92	857.72	131.30
257.06	683.99	131.32
266.48	626.08	131.35
257.04	603.81	131.37
216.85	749.70	131.38
190.86	866.63	131.40
219.16	746.36	131.46
197.11	804.26	131.46
266.40	661.72	131.47
259.31	680.65	131.47
200.24	790.90	131.48
193.94	826.54	131.49
190.78	875.54	131.50
221.51	742.97	131.52
205.74	774.18	131.52
269.51	639.45	131.53
224.64	738.48	131.58
192.86	844.33	131.58
269.46	648.36	131.60
189.70	893.31	131.61
227.77	734.00	131.63
190.68	884.44	131.64
193.82	835.45	131.66
196.23	814.22	131.66
202.29	786.35	131.67
230.91	729.52	131.67
234.05	725.05	131.70
192.83	853.25	131.70
268.66	629.52	131.71
268.42	657.18	131.72
199.13	799.74	131.72
262.37	676.07	131.73
237.19	720.58	131.73
261.60	612.84	131.77
240.33	716.11	131.77
259.20	607.27	131.78
264.75	670.55	131.78
249.51	701.65	131.78
252.17	697.24	131.80
192.81	862.16	131.81
192.31	871.07	131.82
211.21	764.07	131.82
243.46	711.63	131.82
208.79	769.57	131.82
195.95	822.05	131.84
246.59	707.15	131.88
264.76	617.28	131.94
195.47	830.97	131.95
255.32	692.80	131.95
192.31	879.97	131.97
204.92	781.93	131.98
271.04	643.90	131.99
198.62	808.69	132.01
214.38	759.62	132.06
271.05	635.02	132.11
201.78	795.31	132.12
195.48	839.89	132.13
258.48	688.36	132.14
192.33	888.88	132.17
267.92	666.12	132.22
267.92	621.70	132.22
271.07	652.78	132.24
217.54	755.18	132.25
195.49	848.80	132.27
198.64	817.61	132.34
261.64	683.93	132.37
208.09	777.48	132.39
220.70	750.73	132.40
195.50	857.71	132.40
192.34	897.79	132.44
223.86	746.28	132.50
195.50	866.62	132.54
227.01	741.83	132.58
201.81	804.24	132.58
261.64	603.85	132.59
198.66	826.52	132.59
230.17	737.37	132.63
204.96	790.87	132.63
271.10	626.12	132.66
233.32	732.92	132.66
264.81	679.49	132.66
236.47	728.47	132.69
195.51	875.53	132.69
239.62	724.02	132.71
271.11	661.69	132.75
242.77	719.57	132.75
211.27	773.04	132.77
245.93	715.12	132.79
198.67	835.44	132.79
249.08	710.67	132.86
264.83	608.30	132.93
252.23	706.22	132.94
196.11	884.44	133.03
202.40	813.16	133.09
274.75	639.45	133.09
199.25	844.35	133.09
274.71	648.35	133.13
268.48	675.06	133.13
199.13	853.26	133.21
195.93	893.35	133.22
256.08	702.13	133.25
215.01	768.91	133.28
208.73	786.78	133.29
205.58	800.16	133.31
268.65	612.38	133.33
259.06	697.60	133.34
202.37	822.42	133.37
274.73	630.28	133.37
199.20	862.50	133.38
262.00	693.04	133.47
217.87	764.30	133.47
274.75	657.16	133.47
271.42	617.04	133.50
199.10	871.04	133.51
271.56	670.45	133.51
202.19	830.95	133.53
205.17	808.68	133.59
211.43	781.94	133.60
198.78	879.98	133.61
264.94	688.40	133.62
220.84	759.66	133.62
201.87	839.90	133.63
208.07	795.39	133.67
201.60	848.84	133.73
223.77	755.19	133.73
273.96	621.46	133.73
198.42	888.95	133.74
267.59	603.63	133.76
277.15	643.91	133.76
204.62	817.70	133.77
267.75	683.85	133.80
226.80	750.69	133.81
276.99	634.92	133.81
201.33	857.77	133.81
274.03	666.01	133.82
229.88	746.20	133.85
232.98	741.73	133.87
236.10	737.26	133.88
214.09	777.32	133.89
239.24	732.80	133.89
242.37	728.34	133.89
245.50	723.87	133.91
277.04	652.52	133.91
248.61	719.40	133.93
198.20	897.46	133.95
251.70	714.91	133.96
270.68	608.26	134.00
254.76	710.41	134.01
204.65	826.54	134.02
201.51	866.63	134.02
270.55	679.20	134.02
207.79	804.27	134.05
210.89	790.92	134.11
276.97	626.07	134.17
257.98	706.30	134.17
204.50	835.45	134.17
201.38	875.54	134.17
217.07	773.11	134.25
276.90	661.74	134.30
274.35	612.70	134.39
261.76	701.86	134.44
205.07	844.36	134.48
208.22	813.19	134.50
201.93	884.46	134.53
274.38	675.12	134.60
264.92	697.41	134.61
205.08	853.27	134.64
274.35	603.81	134.71
280.69	639.44	134.73
211.39	799.84	134.74
220.84	768.69	134.74
214.54	786.48	134.75
277.52	617.15	134.76
208.24	822.10	134.77
201.95	893.37	134.79
280.70	648.37	134.80
205.09	862.18	134.81
268.09	692.97	134.83
280.70	630.52	134.90
208.25	831.00	134.98
224.01	764.26	135.01
205.11	871.10	135.01
277.56	670.68	135.06
280.71	657.30	135.09
271.25	688.52	135.09
277.52	608.25	135.09
211.41	808.75	135.12
208.26	839.91	135.16
227.17	759.83	135.20
280.70	621.60	135.23
205.12	880.01	135.23
217.73	782.06	135.24
214.58	795.40	135.32
230.32	755.39	135.32
208.27	848.82	135.32
249.21	728.66	135.34
246.06	733.12	135.35
252.36	724.20	135.36
242.91	737.58	135.36
233.47	750.94	135.38
239.76	742.04	135.38
236.62	746.49	135.39
255.51	719.75	135.39
264.25	705.37	135.40
274.42	684.07	135.40
211.43	817.65	135.42
280.24	666.25	135.44
283.39	643.91	135.45
258.66	715.29	135.46
283.38	634.98	135.48
205.14	888.93	135.48
276.83	678.57	135.50
208.29	857.74	135.50
280.70	612.70	135.51
210.92	826.57	135.52
267.36	700.84	135.54
280.68	603.83	135.54
261.82	710.84	135.55
220.37	777.66	135.55
207.76	866.66	135.57
216.96	789.86	135.60
214.06	804.32	135.61
283.35	652.85	135.62
204.60	897.86	135.62
209.91	844.35	135.63
283.34	626.05	135.66
213.03	813.17	135.68
207.50	874.44	135.69
282.31	617.18	135.70
210.88	835.47	135.70
282.30	661.72	135.71
270.45	696.29	135.72
223.21	772.00	135.73
206.67	884.44	135.75
279.11	675.08	135.77
209.81	853.26	135.77
282.23	608.27	135.81
272.73	692.90	135.88
212.88	822.08	135.89
216.01	799.81	135.91
285.30	639.45	135.93
225.45	768.63	135.93
209.70	862.17	135.93
219.14	786.45	135.94
206.52	893.35	135.97
285.25	630.54	136.00
285.24	648.36	136.00
284.22	603.76	136.01
284.45	620.55	136.04
275.01	689.49	136.06
212.76	830.99	136.06
281.30	671.69	136.06
211.99	840.98	136.07
227.76	765.20	136.09
215.13	809.78	136.09
284.42	658.32	136.10
284.20	612.73	136.11
208.59	879.95	136.11
209.57	871.08	136.12
211.73	848.78	136.15
218.02	795.28	136.19
277.87	683.87	136.20
252.93	729.47	136.21
249.78	733.92	136.22
256.08	725.02	136.22
230.87	760.66	136.23
265.26	710.56	136.24
246.62	738.37	136.25
214.86	817.59	136.26
259.21	720.55	136.26
221.38	782.94	136.27
267.92	706.16	136.27
243.46	742.80	136.28
283.65	666.12	136.30
234.00	756.16	136.31
240.30	747.24	136.31
262.34	716.07	136.31
211.70	857.69	136.32
286.81	635.00	136.32
237.14	751.69	136.32
286.80	643.89	136.33
214.36	826.52	136.35
208.54	888.86	136.36
211.22	866.61	136.41
286.82	626.10	136.43
223.81	777.46	136.45
271.08	701.72	136.45
280.52	679.47	136.46
217.52	804.23	136.48
208.07	897.78	136.51
286.81	652.79	136.52
286.85	608.25	136.52
214.38	835.43	136.53
286.84	617.18	136.55
220.67	790.86	136.63
211.23	875.52	136.65
274.24	697.28	136.67
214.39	844.34	136.70
217.54	813.15	136.79
290.02	603.78	136.84
226.98	773.01	136.85
214.40	853.25	136.87
286.84	661.69	136.87
283.69	675.04	136.89
211.24	884.43	136.92
277.40	692.85	136.93
217.56	822.07	137.03
214.41	862.16	137.07
290.00	639.44	137.09
290.01	630.54	137.09
220.71	799.79	137.10
290.02	612.71	137.11
290.02	621.63	137.14
230.16	768.57	137.16
258.52	728.48	137.19
211.26	893.34	137.19
223.86	786.42	137.19
255.37	732.93	137.19
290.01	648.35	137.21
217.57	830.98	137.21
261.67	724.03	137.21
252.23	737.38	137.22
280.57	688.41	137.23
264.83	719.58	137.27
249.08	741.84	137.27
214.42	871.07	137.31
245.93	746.30	137.33
267.98	715.13	137.36
287.46	670.61	137.51
218.19	839.90	137.51
293.19	608.26	137.52
243.10	751.20	137.54
221.24	808.71	137.58
271.72	710.69	137.60
290.52	657.26	137.60
234.07	764.50	137.60
218.07	848.80	137.64
237.17	760.00	137.66
240.36	755.56	137.66
214.85	879.98	137.69
284.34	684.32	137.75
274.85	706.53	137.79
293.59	617.17	137.80
221.24	817.95	137.83
218.10	858.04	137.84
224.32	795.61	137.84
227.43	782.21	137.85
296.86	604.09	137.90
293.82	626.06	137.92
277.76	701.96	137.92
293.71	634.97	137.93
214.84	888.84	137.97
221.11	826.50	137.98
290.42	666.07	137.98
293.52	643.87	137.99
217.88	866.58	138.01
287.13	679.44	138.03
220.85	835.44	138.06
280.64	697.34	138.08
223.90	804.27	138.10
293.16	652.82	138.11
214.41	897.82	138.11
220.59	844.37	138.15
296.08	612.78	138.16
230.02	777.64	138.16
217.39	875.58	138.17
226.68	791.02	138.23
220.28	853.32	138.24
223.43	813.25	138.25
283.45	692.73	138.27
295.88	621.29	138.29
289.68	674.85	138.32
261.28	732.80	138.32
264.43	728.34	138.33
292.79	661.45	138.33
258.10	737.24	138.34
267.53	723.86	138.35
254.89	741.68	138.38
217.10	884.10	138.39
270.60	719.36	138.40
296.01	630.54	138.41
251.65	746.10	138.43
232.91	772.84	138.43
298.97	608.28	138.47
220.39	862.18	138.47
273.62	714.84	138.47
223.55	822.09	138.48
295.96	639.45	138.50
248.40	750.51	138.50
286.42	688.47	138.57
223.42	830.99	138.60
226.60	799.82	138.62
295.84	648.36	138.63
217.10	893.36	138.66
220.19	871.09	138.68
235.99	768.67	138.71
229.66	786.47	138.75
277.50	710.76	138.81
246.00	755.33	138.82
223.96	839.91	138.86
299.55	617.19	138.91
293.27	670.65	138.91
242.86	759.79	138.93
239.72	764.24	138.96
280.66	706.31	138.99
223.97	848.82	139.00
296.42	657.28	139.05
227.13	808.73	139.05
290.12	684.03	139.06
299.57	626.09	139.10
220.83	880.01	139.16
223.98	857.73	139.18
283.83	701.86	139.21
299.58	635.00	139.25
227.14	817.64	139.26
230.30	795.38	139.38
227.15	826.55	139.41
299.59	643.92	139.42
224.00	866.65	139.42
296.45	666.21	139.44
293.30	679.58	139.48
286.99	697.42	139.48
220.86	888.92	139.48
233.46	782.04	139.49
227.15	835.45	139.53
227.16	844.37	139.65
299.61	652.84	139.65
268.09	733.09	139.65
264.94	737.55	139.67
271.24	728.64	139.68
220.87	897.82	139.69
261.79	742.02	139.71
230.32	804.29	139.71
224.01	875.57	139.73
274.40	724.18	139.73
290.16	692.97	139.78
258.64	746.48	139.79
227.16	853.28	139.79
277.55	719.73	139.82
236.15	777.65	139.86
283.15	709.81	139.87
299.14	661.77	139.87
232.99	790.96	139.88
255.50	750.95	139.90
248.47	758.83	139.91
296.47	675.14	139.93
252.38	754.71	139.94
230.33	813.19	139.95
280.71	715.28	139.95
223.52	884.50	139.98
229.82	822.10	139.98
227.17	862.20	140.00
292.81	688.55	140.01
239.00	772.11	140.02
245.27	763.21	140.05
286.24	705.26	140.05
226.41	870.04	140.07
228.81	848.81	140.08
229.80	831.01	140.09
242.11	767.62	140.12
232.70	798.73	140.12
294.91	683.99	140.15
298.82	669.54	140.16
223.24	892.25	140.17
229.77	839.92	140.18
235.04	786.45	140.19
288.56	701.81	140.21
231.86	808.72	140.22
228.71	857.72	140.22
225.54	879.99	140.26
231.76	817.63	140.37
290.81	698.46	140.39
297.09	680.65	140.42
228.57	866.63	140.42
231.68	826.54	140.47
271.90	734.03	140.48
268.75	738.47	140.48
230.90	845.45	140.49
275.03	729.56	140.51
227.50	875.48	140.51
265.59	742.91	140.52
224.35	897.79	140.52
234.80	795.35	140.53
231.63	835.45	140.55
230.65	853.24	140.55
278.16	725.08	140.56
233.79	804.22	140.57
237.18	783.04	140.58
262.42	747.33	140.58
225.32	888.90	140.59
284.18	715.03	140.62
281.28	720.59	140.65
293.86	693.87	140.66
259.24	751.73	140.67
286.82	710.63	140.70
252.19	759.56	140.71
299.90	675.01	140.71
230.61	862.14	140.73
236.40	790.86	140.75
296.27	688.38	140.77
233.74	813.15	140.77
226.96	884.41	140.79
233.27	822.07	140.79
256.04	756.12	140.80
239.53	777.45	140.82
233.27	830.98	140.88
230.13	871.05	140.90
289.98	706.19	140.92
249.04	764.02	140.94
233.28	839.89	140.95
233.29	848.80	141.04
236.43	799.79	141.08
226.97	893.34	141.11
299.44	683.95	141.16
293.14	701.75	141.17
245.88	768.49	141.17
242.71	772.97	141.19
233.30	857.70	141.19
230.15	879.96	141.28
274.26	737.37	141.33
236.44	808.71	141.33
271.11	741.82	141.34
277.41	732.92	141.35
239.59	786.42	141.38
267.97	746.28	141.38
280.56	728.47	141.40
233.31	866.61	141.41
264.82	750.74	141.46
296.31	697.31	141.46
236.46	817.62	141.49
283.72	724.03	141.50
236.46	826.53	141.57
261.68	755.20	141.58
236.47	835.44	141.62
286.87	719.58	141.62
236.47	844.35	141.67
239.62	795.34	141.71
233.33	875.52	141.72
258.54	759.66	141.74
236.48	853.26	141.76
230.16	888.88	141.78
290.03	715.14	141.78
299.48	692.87	141.79
230.17	897.81	141.85
236.49	862.17	141.92
255.40	764.12	141.98
293.75	710.70	142.10
240.11	804.26	142.10
243.20	781.98	142.17
236.91	871.08	142.24
240.16	813.51	142.30
233.95	884.79	142.32
296.78	706.49	142.33
240.19	822.07	142.38
240.15	830.99	142.40
240.14	839.89	142.41
243.29	790.80	142.41
252.71	768.76	142.42
240.07	848.79	142.44
277.61	741.97	142.48
280.74	737.50	142.48
274.44	746.41	142.49
239.87	857.70	142.49
283.83	733.02	142.51
299.65	701.73	142.52
271.22	750.83	142.52
236.60	879.96	142.54
286.70	728.76	142.56
268.17	754.96	142.57
242.71	799.83	142.58
239.47	866.66	142.59
264.65	759.63	142.64
289.87	723.98	142.64
242.28	808.78	142.72
261.24	763.99	142.73
233.32	893.35	142.74
292.82	719.43	142.74
239.10	875.18	142.78
245.52	786.15	142.79
245.80	777.57	142.82
249.10	772.77	142.84
295.73	714.84	142.86
242.48	817.63	142.88
242.42	844.35	142.88
242.44	835.45	142.88
242.44	826.54	142.90
234.16	891.95	142.90
242.36	853.26	142.91
258.28	768.23	142.93
236.02	897.80	142.94
236.03	888.90	142.99
242.22	862.18	143.00
245.45	795.36	143.03
299.55	710.75	143.24
239.69	884.46	143.25
242.85	871.09	143.30
255.42	773.12	143.39
246.02	804.28	143.47
280.66	746.41	143.51
283.81	741.96	143.52
239.69	893.35	143.52
277.51	750.87	143.53
286.96	737.50	143.56
242.86	880.01	143.56
274.36	755.33	143.57
246.02	848.81	143.57
249.12	781.98	143.58
246.02	839.90	143.59
249.16	790.92	143.60
246.02	857.72	143.62
271.21	759.78	143.62
290.11	733.05	143.62
246.03	830.99	143.64
246.03	813.18	143.65
268.06	764.24	143.68
246.03	822.08	143.68
293.27	728.60	143.73
264.91	768.69	143.73
246.02	866.64	143.73
261.75	773.13	143.74
258.58	777.56	143.75
262.04	782.62	143.80
249.75	776.99	143.80
242.86	888.91	143.82
242.86	897.80	143.83
296.43	724.15	143.86
252.30	786.47	143.89
255.42	782.02	143.91
246.02	875.55	143.91
249.20	799.84	144.02
299.58	719.69	144.03
252.22	777.54	144.04
246.02	884.46	144.12
249.19	853.26	144.15
249.19	844.35	144.16
249.19	862.18	144.20
246.02	893.35	144.22
249.20	835.44	144.24
264.95	777.58	144.28
249.19	871.09	144.31
249.22	808.74	144.31
249.21	826.53	144.33
289.43	741.00	144.35
276.83	758.82	144.35
258.62	786.59	144.36
273.66	763.26	144.38
249.22	817.63	144.38
254.77	789.97	144.39
270.51	767.70	144.40
292.56	736.51	144.40
252.36	795.42	144.43
249.18	880.01	144.46
267.59	773.19	144.46
280.72	754.67	144.47
295.69	732.01	144.49
283.84	750.92	144.53
287.00	746.46	144.54
249.17	897.80	144.54
250.84	804.26	144.56
249.18	888.91	144.57
251.82	857.72	144.60
250.81	830.99	144.60
298.80	727.49	144.60
251.82	848.80	144.61
250.81	875.54	144.61
251.57	840.99	144.62
251.81	866.64	144.65
250.75	822.08	144.69
250.74	813.17	144.71
250.73	884.44	144.72
265.63	783.08	144.73
250.72	893.35	144.75
252.99	872.19	144.88
252.98	800.92	144.88
252.72	835.47	144.90
253.75	853.26	144.91
253.74	862.17	144.91
252.74	897.83	144.92
252.73	879.98	144.92
262.45	787.41	144.93
253.71	844.35	144.96
252.72	888.90	144.97
271.09	772.99	144.99
280.54	759.61	145.00
277.39	764.06	145.02
252.69	826.56	145.03
274.24	768.53	145.03
293.14	741.80	145.03
268.69	778.52	145.04
290.49	746.22	145.06
255.83	795.24	145.06
252.67	808.69	145.09
258.47	791.48	145.10
296.29	737.36	145.11
252.67	817.63	145.13
255.35	857.72	145.15
255.35	866.62	145.17
255.34	848.82	145.19
287.56	751.71	145.19
284.40	756.16	145.20
299.44	732.91	145.22
255.36	875.53	145.23
255.37	893.36	145.25
255.37	884.44	145.28
255.34	839.91	145.30
255.35	831.01	145.46
258.53	897.82	145.51
255.34	804.23	145.56
258.52	862.17	145.61
258.53	888.90	145.62
258.52	871.08	145.63
255.35	822.09	145.63
258.53	879.99	145.65
258.52	853.27	145.65
255.35	813.17	145.73
258.52	844.36	145.75
261.69	893.36	145.90
267.97	786.36	145.91
271.12	781.93	145.91
258.52	835.46	145.92
290.03	755.21	145.93
286.88	759.66	145.94
293.18	750.76	145.95
283.73	764.12	145.96
274.27	777.48	145.98
280.58	768.57	145.98
296.33	746.31	145.99
277.43	773.03	146.00
261.69	884.45	146.00
258.51	799.77	146.02
261.69	875.54	146.03
261.69	866.63	146.04
299.48	741.86	146.06
261.69	857.72	146.07
264.85	897.82	146.12
264.83	790.82	146.13
258.53	826.55	146.14
261.69	848.81	146.16
261.68	795.30	146.24
264.85	888.90	146.30
261.69	839.91	146.33
258.53	817.63	146.35
264.85	879.99	146.39
264.85	871.08	146.43
264.85	862.17	146.46
259.06	808.72	146.53
268.01	893.36	146.53
264.85	853.27	146.54
262.24	831.00	146.66
268.59	884.45	146.75
265.31	844.36	146.75
271.79	897.81	146.77
268.41	875.54	146.82
268.49	866.30	146.88
293.49	759.84	146.89
290.32	764.29	146.90
296.61	755.38	146.90
262.09	822.18	146.91
287.12	768.72	146.92
299.69	750.90	146.93
268.39	857.76	146.94
283.88	773.13	146.95
265.09	835.51	146.96
271.42	888.97	146.97
280.60	777.57	147.00
267.94	848.79	147.01
261.65	804.28	147.04
270.82	879.94	147.05
277.34	781.94	147.05
261.55	813.16	147.05
270.55	871.04	147.09
273.90	893.60	147.10
274.02	786.33	147.15
264.45	826.79	147.16
267.51	840.22	147.16
270.79	862.17	147.18
270.63	853.26	147.26
277.47	897.80	147.28
270.63	790.70	147.33
274.33	884.44	147.36
264.32	799.52	147.38
264.28	817.62	147.46
274.33	875.53	147.47
267.32	795.06	147.49
271.18	844.35	147.51
274.33	866.63	147.54
268.04	830.98	147.54
277.48	888.89	147.58
274.33	857.71	147.62
296.39	764.21	147.71
299.54	759.75	147.72
293.24	768.66	147.73
280.63	893.34	147.74
277.49	879.99	147.76
274.34	848.80	147.76
290.09	773.12	147.78
271.19	835.43	147.79
277.49	871.08	147.84
283.78	897.79	147.84
264.91	808.71	147.85
286.94	777.58	147.86
277.49	862.17	147.90
268.05	822.06	147.92
283.80	782.05	147.99
280.64	884.43	148.00
277.49	853.26	148.01
274.35	839.88	148.01
280.65	875.53	148.13
271.21	826.51	148.16
280.64	866.62	148.18
280.65	786.53	148.19
277.50	844.34	148.20
283.80	888.88	148.20
280.65	857.71	148.24
268.07	813.15	148.33
286.95	893.32	148.34
274.36	830.96	148.35
280.65	848.79	148.39
290.10	897.77	148.39
283.80	879.98	148.41
283.80	871.08	148.47
283.80	862.17	148.49
277.51	835.42	148.51
277.51	791.02	148.51
299.56	768.69	148.52
296.41	773.15	148.54
283.80	853.25	148.57
293.26	777.62	148.61
271.22	817.59	148.61
280.65	839.87	148.64
286.96	884.43	148.65
268.09	804.27	148.66
290.11	782.08	148.72
286.95	866.63	148.75
286.96	875.53	148.76
286.95	857.71	148.77
283.80	844.33	148.77
274.37	822.04	148.78
290.11	888.86	148.83
274.39	794.82	148.86
286.96	786.55	148.89
286.95	848.79	148.89
277.52	826.49	148.90
296.40	897.75	148.92
293.26	893.30	148.92
283.06	789.96	148.94
290.10	862.17	148.99
280.66	830.95	149.00
270.49	798.87	149.03
290.10	853.25	149.03
290.11	871.09	149.03
270.72	808.65	149.05
290.12	879.98	149.05
283.81	835.40	149.08
298.77	776.49	149.11
286.44	839.85	149.11
273.58	814.24	149.12
289.32	845.43	149.13
292.72	857.71	149.16
295.59	780.92	149.17
292.46	865.52	149.17
280.61	793.20	149.18
292.46	885.56	149.20
291.66	848.81	149.20
275.91	817.63	149.20
291.66	875.54	149.21
293.22	784.21	149.24
278.24	820.97	149.26
293.98	852.16	149.27
294.75	862.17	149.29
294.75	888.90	149.30
281.37	825.46	149.32
297.12	892.28	149.33
293.70	871.06	149.33
290.83	787.48	149.34
290.03	839.94	149.35
296.34	857.72	149.35
284.50	829.94	149.37
293.19	844.38	149.39
287.64	834.41	149.40
293.67	880.00	149.42
296.34	848.83	149.43
296.33	866.61	149.44
286.86	791.53	149.44
299.50	853.27	149.50
278.21	796.31	149.51
299.49	862.16	149.53
274.25	808.78	149.57
277.42	813.22	149.61
299.47	781.92	149.62
296.33	875.52	149.63
283.74	795.25	149.64
280.58	817.67	149.65
296.31	884.47	149.66
299.50	844.38	149.67
283.73	822.12	149.67
296.35	839.93	149.68
286.89	826.58	149.69
271.79	803.18	149.69
293.19	835.48	149.69
290.04	831.03	149.70
296.33	786.37	149.70
299.49	871.06	149.74
299.47	888.95	149.76
293.19	790.83	149.82
274.22	799.64	149.97
280.60	799.74	149.98
290.05	795.30	149.98
299.50	835.48	149.99
273.28	800.95	150.00
296.35	831.02	150.03
293.20	826.57	150.06
280.59	808.74	150.07
283.75	813.20	150.07
290.05	822.11	150.08
286.90	817.65	150.08
299.47	879.97	150.09
277.43	804.27	150.11
286.90	799.77	150.15
283.76	804.25	150.23
299.49	790.86	150.27
296.35	795.32	150.33
286.90	808.72	150.34
299.50	826.56	150.36
290.05	813.19	150.39
296.35	822.10	150.39
293.20	799.79	150.40
293.20	817.64	150.40
290.06	804.25	150.43
293.21	808.72	150.57
296.36	813.18	150.65
296.36	804.26	150.66
299.51	817.64	150.68
299.51	799.80	150.70
299.51	808.72	150.82
