295.00	605.00	158.35
285.00	605.00	156.45
275.00	605.00	155.59
265.00	605.00	154.25
255.00	605.00	152.37
245.00	605.00	148.36
235.00	605.00	144.05
225.00	605.00	133.05
215.00	605.00	129.47
205.00	605.00	124.97
195.00	605.00	120.74
185.00	605.00	120.22
175.00	605.00	119.98
295.00	615.00	158.64
285.00	615.00	156.79
275.00	615.00	155.69
265.00	615.00	154.22
255.00	615.00	153.29
245.00	615.00	151.90
235.00	615.00	143.14
225.00	615.00	134.89
215.00	615.00	129.44
205.00	615.00	121.70
195.00	615.00	120.77
295.00	625.00	159.94
285.00	625.00	158.89
275.00	625.00	158.21
265.00	625.00	157.59
255.00	625.00	156.74
245.00	625.00	155.83
235.00	625.00	147.28
225.00	625.00	153.66
215.00	625.00	127.09
295.00	635.00	161.54
285.00	635.00	160.99
275.00	635.00	160.63
265.00	635.00	160.08
255.00	635.00	159.46
245.00	635.00	158.84
235.00	635.00	157.53
225.00	635.00	146.90
215.00	635.00	131.52
295.00	645.00	161.89
285.00	645.00	161.68
275.00	645.00	161.53
265.00	645.00	160.95
255.00	645.00	159.91
245.00	645.00	159.32
235.00	645.00	158.10
225.00	645.00	157.34
215.00	645.00	153.34
295.00	655.00	162.57
285.00	655.00	162.25
275.00	655.00	161.73
265.00	655.00	161.39
255.00	655.00	159.94
245.00	655.00	159.19
235.00	655.00	159.03
225.00	655.00	158.31
215.00	655.00	142.80
205.00	655.00	153.45
295.00	665.00	162.94
285.00	665.00	162.53
275.00	665.00	162.27
265.00	665.00	161.74
255.00	665.00	161.09
245.00	665.00	159.69
235.00	665.00	159.23
225.00	665.00	158.59
215.00	665.00	157.02
205.00	665.00	152.49
295.00	675.00	163.07
285.00	675.00	162.76
275.00	675.00	162.40
265.00	675.00	161.69
255.00	675.00	160.41
245.00	675.00	160.33
235.00	675.00	159.43
225.00	675.00	159.08
215.00	675.00	157.12
205.00	675.00	144.08
295.00	685.00	163.26
285.00	685.00	162.86
275.00	685.00	162.57
265.00	685.00	161.98
255.00	685.00	161.38
245.00	685.00	160.49
235.00	685.00	159.88
225.00	685.00	159.20
215.00	685.00	157.32
205.00	685.00	154.88
195.00	685.00	150.48
295.00	695.00	163.41
285.00	695.00	162.99
275.00	695.00	162.60
265.00	695.00	162.13
255.00	695.00	161.34
245.00	695.00	160.49
235.00	695.00	160.19
225.00	695.00	158.75
215.00	695.00	157.28
205.00	695.00	155.45
195.00	695.00	143.22
185.00	695.00	150.34
295.00	705.00	163.39
285.00	705.00	163.01
275.00	705.00	162.60
265.00	705.00	162.09
255.00	705.00	161.41
245.00	705.00	160.81
235.00	705.00	159.52
225.00	705.00	158.45
215.00	705.00	157.22
205.00	705.00	155.74
195.00	705.00	153.88
185.00	705.00	150.04
295.00	715.00	163.19
285.00	715.00	162.83
275.00	715.00	162.37
265.00	715.00	161.68
255.00	715.00	161.00
245.00	715.00	160.06
235.00	715.00	159.04
225.00	715.00	157.96
215.00	715.00	156.91
205.00	715.00	155.93
195.00	715.00	154.51
185.00	715.00	140.69
295.00	725.00	162.84
285.00	725.00	162.52
275.00	725.00	161.91
265.00	725.00	161.17
255.00	725.00	160.33
245.00	725.00	159.18
235.00	725.00	158.30
225.00	725.00	157.36
215.00	725.00	156.73
205.00	725.00	155.95
195.00	725.00	155.23
185.00	725.00	152.75
175.00	725.00	148.98
295.00	735.00	162.43
285.00	735.00	162.03
275.00	735.00	161.35
265.00	735.00	160.40
255.00	735.00	159.30
245.00	735.00	158.11
235.00	735.00	157.14
225.00	735.00	156.73
215.00	735.00	156.29
205.00	735.00	155.47
195.00	735.00	154.97
185.00	735.00	153.25
175.00	735.00	139.15
295.00	745.00	162.18
285.00	745.00	161.67
275.00	745.00	160.85
265.00	745.00	159.67
255.00	745.00	158.05
245.00	745.00	156.66
235.00	745.00	155.95
225.00	745.00	155.65
215.00	745.00	155.56
205.00	745.00	155.31
195.00	745.00	154.90
185.00	745.00	153.09
175.00	745.00	138.99
165.00	745.00	137.84
295.00	755.00	162.16
285.00	755.00	161.64
275.00	755.00	160.73
265.00	755.00	159.13
255.00	755.00	157.01
245.00	755.00	155.35
235.00	755.00	154.81
225.00	755.00	154.71
215.00	755.00	154.66
205.00	755.00	154.52
195.00	755.00	154.10
185.00	755.00	152.78
175.00	755.00	150.28
165.00	755.00	138.49
295.00	765.00	162.30
285.00	765.00	161.73
275.00	765.00	161.04
265.00	765.00	159.25
255.00	765.00	156.63
245.00	765.00	154.70
235.00	765.00	154.14
225.00	765.00	154.10
215.00	765.00	154.03
205.00	765.00	153.96
195.00	765.00	153.56
185.00	765.00	152.53
175.00	765.00	150.74
165.00	765.00	139.37
155.00	765.00	137.39
295.00	775.00	162.49
285.00	775.00	161.98
275.00	775.00	161.39
265.00	775.00	160.44
255.00	775.00	156.90
245.00	775.00	154.62
235.00	775.00	154.12
225.00	775.00	154.01
215.00	775.00	153.90
205.00	775.00	153.76
195.00	775.00	153.34
185.00	775.00	152.61
175.00	775.00	151.21
165.00	775.00	149.08
155.00	775.00	139.81
295.00	785.00	162.65
285.00	785.00	162.36
275.00	785.00	161.69
265.00	785.00	160.94
255.00	785.00	158.26
245.00	785.00	155.65
235.00	785.00	154.72
225.00	785.00	154.41
215.00	785.00	154.16
205.00	785.00	153.95
195.00	785.00	153.53
185.00	785.00	152.87
175.00	785.00	151.83
165.00	785.00	150.12
155.00	785.00	140.54
145.00	785.00	137.80
15.00	785.00	153.83
5.00	785.00	154.26
295.00	795.00	162.80
285.00	795.00	162.52
275.00	795.00	162.11
265.00	795.00	161.18
255.00	795.00	159.11
245.00	795.00	156.99
235.00	795.00	155.76
225.00	795.00	155.11
215.00	795.00	154.80
205.00	795.00	154.41
195.00	795.00	153.98
185.00	795.00	153.28
175.00	795.00	152.31
165.00	795.00	150.86
155.00	795.00	148.26
145.00	795.00	140.00
45.00	795.00	152.33
35.00	795.00	152.83
25.00	795.00	153.31
15.00	795.00	153.64
5.00	795.00	155.64
295.00	805.00	162.81
285.00	805.00	162.57
275.00	805.00	162.06
265.00	805.00	161.23
255.00	805.00	159.86
245.00	805.00	157.94
235.00	805.00	156.59
225.00	805.00	155.94
215.00	805.00	155.40
205.00	805.00	155.09
195.00	805.00	154.58
185.00	805.00	153.84
175.00	805.00	152.80
165.00	805.00	151.55
155.00	805.00	149.38
145.00	805.00	140.75
125.00	805.00	148.40
115.00	805.00	148.40
105.00	805.00	149.12
95.00	805.00	149.74
85.00	805.00	150.22
75.00	805.00	150.77
65.00	805.00	151.29
55.00	805.00	151.77
45.00	805.00	153.93
35.00	805.00	154.69
25.00	805.00	155.27
15.00	805.00	155.79
5.00	805.00	156.27
295.00	815.00	162.66
285.00	815.00	162.47
275.00	815.00	161.99
265.00	815.00	161.30
255.00	815.00	160.16
245.00	815.00	158.77
235.00	815.00	157.63
225.00	815.00	156.87
215.00	815.00	156.36
205.00	815.00	155.76
195.00	815.00	155.11
185.00	815.00	154.45
175.00	815.00	153.48
165.00	815.00	152.37
155.00	815.00	150.35
145.00	815.00	144.09
135.00	815.00	146.26
125.00	815.00	146.28
115.00	815.00	151.11
105.00	815.00	151.89
95.00	815.00	152.48
85.00	815.00	153.06
75.00	815.00	153.60
65.00	815.00	154.07
55.00	815.00	154.58
45.00	815.00	155.05
35.00	815.00	155.51
25.00	815.00	155.88
15.00	815.00	156.42
5.00	815.00	156.68
295.00	825.00	162.34
285.00	825.00	162.31
275.00	825.00	162.00
265.00	825.00	161.48
255.00	825.00	160.54
245.00	825.00	159.43
235.00	825.00	158.59
225.00	825.00	157.72
215.00	825.00	156.99
205.00	825.00	156.24
195.00	825.00	155.64
185.00	825.00	154.84
175.00	825.00	154.12
165.00	825.00	152.95
155.00	825.00	151.15
145.00	825.00	145.46
135.00	825.00	151.00
125.00	825.00	151.98
115.00	825.00	152.58
105.00	825.00	153.15
95.00	825.00	153.57
85.00	825.00	153.99
75.00	825.00	154.40
65.00	825.00	154.78
55.00	825.00	155.15
45.00	825.00	155.60
35.00	825.00	155.98
25.00	825.00	156.38
15.00	825.00	156.49
5.00	825.00	156.70
295.00	835.00	162.02
285.00	835.00	162.10
275.00	835.00	161.92
265.00	835.00	161.40
255.00	835.00	160.82
245.00	835.00	160.24
235.00	835.00	159.34
225.00	835.00	158.37
215.00	835.00	157.75
205.00	835.00	156.98
195.00	835.00	156.33
185.00	835.00	155.61
175.00	835.00	154.33
165.00	835.00	153.24
155.00	835.00	151.18
145.00	835.00	146.37
135.00	835.00	151.89
125.00	835.00	152.66
115.00	835.00	153.33
105.00	835.00	153.86
95.00	835.00	154.23
85.00	835.00	154.61
75.00	835.00	154.96
65.00	835.00	155.29
55.00	835.00	155.62
45.00	835.00	155.97
35.00	835.00	156.31
25.00	835.00	156.57
15.00	835.00	156.76
5.00	835.00	156.63
295.00	845.00	161.81
285.00	845.00	161.99
275.00	845.00	161.92
265.00	845.00	161.63
255.00	845.00	161.18
245.00	845.00	160.67
235.00	845.00	160.01
225.00	845.00	159.34
215.00	845.00	158.51
205.00	845.00	157.76
195.00	845.00	156.97
185.00	845.00	156.14
175.00	845.00	155.09
165.00	845.00	153.55
155.00	845.00	151.26
145.00	845.00	151.69
135.00	845.00	152.54
125.00	845.00	153.21
115.00	845.00	153.74
105.00	845.00	154.22
95.00	845.00	154.65
85.00	845.00	155.01
75.00	845.00	155.37
65.00	845.00	155.66
55.00	845.00	155.92
45.00	845.00	156.23
35.00	845.00	156.55
25.00	845.00	156.78
15.00	845.00	157.11
5.00	845.00	156.94
295.00	855.00	161.89
285.00	855.00	162.06
275.00	855.00	162.05
265.00	855.00	161.77
255.00	855.00	161.50
245.00	855.00	161.08
235.00	855.00	160.46
225.00	855.00	159.92
215.00	855.00	159.20
205.00	855.00	158.39
195.00	855.00	157.67
185.00	855.00	156.67
175.00	855.00	155.30
165.00	855.00	153.68
155.00	855.00	151.48
145.00	855.00	152.09
135.00	855.00	152.77
125.00	855.00	153.43
115.00	855.00	153.97
105.00	855.00	154.54
95.00	855.00	154.97
85.00	855.00	155.30
75.00	855.00	155.65
65.00	855.00	155.93
55.00	855.00	156.22
45.00	855.00	156.47
35.00	855.00	156.75
25.00	855.00	157.06
15.00	855.00	157.31
5.00	855.00	157.41
295.00	865.00	162.12
285.00	865.00	162.23
275.00	865.00	162.22
265.00	865.00	162.05
255.00	865.00	161.78
245.00	865.00	161.43
235.00	865.00	161.01
225.00	865.00	160.44
215.00	865.00	159.68
205.00	865.00	158.94
195.00	865.00	158.04
185.00	865.00	157.07
175.00	865.00	155.67
165.00	865.00	153.70
155.00	865.00	148.01
145.00	865.00	152.37
135.00	865.00	153.11
125.00	865.00	153.70
115.00	865.00	154.13
105.00	865.00	154.59
95.00	865.00	155.07
85.00	865.00	155.50
75.00	865.00	155.84
65.00	865.00	156.09
55.00	865.00	156.39
45.00	865.00	156.71
35.00	865.00	156.89
25.00	865.00	157.20
15.00	865.00	157.47
5.00	865.00	157.69
295.00	875.00	162.42
285.00	875.00	162.46
275.00	875.00	162.39
265.00	875.00	162.22
255.00	875.00	162.01
245.00	875.00	161.72
235.00	875.00	161.27
225.00	875.00	160.87
215.00	875.00	160.13
205.00	875.00	159.37
195.00	875.00	158.46
185.00	875.00	157.50
175.00	875.00	155.89
165.00	875.00	153.62
155.00	875.00	145.89
145.00	875.00	152.53
135.00	875.00	153.18
125.00	875.00	153.96
115.00	875.00	154.14
105.00	875.00	154.72
95.00	875.00	155.22
85.00	875.00	155.62
75.00	875.00	155.95
65.00	875.00	156.26
55.00	875.00	156.52
45.00	875.00	156.80
35.00	875.00	157.10
25.00	875.00	157.34
15.00	875.00	157.63
5.00	875.00	157.92
295.00	885.00	162.62
285.00	885.00	162.61
275.00	885.00	162.51
265.00	885.00	162.40
255.00	885.00	162.26
245.00	885.00	161.98
235.00	885.00	161.61
225.00	885.00	161.13
215.00	885.00	160.56
205.00	885.00	159.65
195.00	885.00	158.92
185.00	885.00	157.93
175.00	885.00	156.08
165.00	885.00	153.50
155.00	885.00	150.93
145.00	885.00	152.50
135.00	885.00	153.25
125.00	885.00	153.82
115.00	885.00	154.32
105.00	885.00	154.78
95.00	885.00	155.18
85.00	885.00	155.61
75.00	885.00	156.01
65.00	885.00	156.32
55.00	885.00	156.61
45.00	885.00	156.91
35.00	885.00	157.15
25.00	885.00	157.46
15.00	885.00	157.77
5.00	885.00	158.05
295.00	895.00	162.62
285.00	895.00	162.60
275.00	895.00	162.52
265.00	895.00	162.39
255.00	895.00	162.24
245.00	895.00	162.04
235.00	895.00	161.73
225.00	895.00	161.10
215.00	895.00	160.39
205.00	895.00	159.84
195.00	895.00	159.05
185.00	895.00	158.15
175.00	895.00	156.70
165.00	895.00	150.58
155.00	895.00	151.05
145.00	895.00	152.40
135.00	895.00	153.17
125.00	895.00	153.54
115.00	895.00	154.23
105.00	895.00	154.66
95.00	895.00	155.19
85.00	895.00	155.67
75.00	895.00	156.03
65.00	895.00	156.36
55.00	895.00	156.68
45.00	895.00	156.97
35.00	895.00	157.27
25.00	895.00	157.55
15.00	895.00	157.89
5.00	895.00	158.19
214.00	645.00	143.47
204.00	665.00	145.18
194.00	685.00	144.68
184.00	705.00	144.32
174.00	725.00	138.97
4.00	795.00	154.10
4.00	805.00	153.98
4.00	815.00	153.86
4.00	825.00	153.61
4.00	835.00	153.36
4.00	845.00	153.27
4.00	855.00	153.20
4.00	865.00	152.94
4.00	875.00	152.61
4.00	885.00	150.71
