277.53	345.43	101.36
283.77	345.41	101.37
280.63	341.05	101.43
286.90	341.05	101.52
290.67	345.73	101.86
283.76	336.58	101.98
280.62	350.32	102.18
274.01	341.11	102.35
277.44	336.14	102.36
286.96	349.96	102.41
289.85	336.63	102.56
280.81	332.35	102.65
274.67	349.81	102.67
286.65	332.44	102.78
292.88	341.20	102.79
271.41	345.48	103.08
274.29	332.04	103.29
283.77	327.57	103.33
271.12	336.51	103.41
277.45	327.56	103.52
277.45	354.54	103.59
283.79	354.58	103.63
292.78	349.28	103.70
290.12	327.54	103.90
280.61	323.09	103.92
293.31	331.99	103.97
286.95	323.09	104.05
289.42	353.58	104.14
267.90	341.05	104.16
271.79	353.51	104.18
271.10	327.53	104.26
296.00	336.44	104.27
295.76	344.48	104.28
280.62	356.98	104.28
269.33	349.91	104.31
267.93	332.02	104.35
274.26	323.06	104.38
283.77	318.63	104.38
278.19	319.68	104.43
266.27	336.54	104.43
237.53	519.08	104.50
274.32	356.76	104.51
289.30	319.80	104.60
291.68	323.18	104.63
280.62	316.46	104.64
286.92	316.48	104.66
286.92	356.54	104.72
297.89	341.00	104.76
293.95	326.53	104.77
283.77	313.61	104.83
239.61	519.14	104.85
267.39	346.56	104.90
267.33	326.65	104.94
274.39	318.12	104.95
270.47	322.21	104.96
264.44	340.88	104.96
264.44	332.18	104.96
268.10	354.26	105.02
290.02	314.32	105.03
233.43	519.15	105.03
277.48	359.33	105.05
277.51	314.37	105.06
286.91	309.86	105.06
296.96	331.15	105.12
261.78	336.56	105.22
236.52	514.84	105.22
293.14	318.77	105.23
280.64	309.89	105.24
296.19	349.72	105.24
290.05	305.37	105.26
283.71	359.25	105.28
271.21	358.64	105.29
293.20	300.88	105.30
283.79	305.41	105.37
293.10	354.08	105.39
286.94	300.94	105.40
264.93	349.93	105.42
299.37	336.60	105.48
293.17	309.82	105.50
258.59	340.99	105.56
255.40	345.46	105.58
261.73	345.41	105.62
299.42	345.38	105.66
296.28	323.22	105.66
264.92	323.25	105.72
268.06	318.80	105.72
252.28	349.84	105.77
271.21	314.34	105.78
258.57	349.89	105.79
261.77	327.69	105.80
249.16	345.50	105.81
261.74	354.32	105.84
296.33	305.34	105.85
274.35	309.87	105.86
236.80	523.95	105.91
277.49	305.41	105.93
258.61	332.13	105.95
280.64	300.95	105.97
252.29	341.05	105.99
264.89	358.75	106.00
230.24	514.75	106.05
255.45	336.58	106.06
274.32	363.17	106.20
255.43	354.32	106.20
296.95	314.27	106.22
290.56	358.91	106.43
280.54	363.76	106.53
299.89	327.39	106.53
229.52	523.88	106.53
226.48	519.52	106.61
233.40	509.76	106.62
258.35	359.11	106.63
268.09	363.84	106.65
242.89	514.72	106.72
245.75	349.81	106.82
239.68	510.27	106.82
299.68	309.78	106.83
264.74	314.21	106.84
267.89	309.76	106.84
271.05	305.31	106.85
261.63	318.69	106.86
274.23	300.87	106.86
249.14	354.52	106.87
299.56	318.73	106.88
258.59	323.15	106.91
261.84	363.09	106.96
255.54	327.69	106.98
227.54	510.43	107.03
252.50	332.20	107.03
249.37	336.65	107.05
224.39	515.00	107.06
246.21	341.11	107.08
286.75	363.03	107.10
252.83	358.64	107.10
233.35	527.57	107.16
242.40	523.50	107.19
271.44	367.38	107.34
223.90	523.66	107.35
277.19	367.40	107.45
236.53	505.74	107.52
230.21	505.75	107.57
243.19	345.44	107.58
220.74	519.18	107.62
255.40	363.33	107.62
227.05	528.17	107.64
264.86	367.81	107.67
245.55	519.22	107.73
298.98	354.23	107.77
296.14	358.01	107.94
267.97	300.84	107.95
264.82	305.29	107.96
261.66	309.74	108.00
220.72	510.21	108.04
258.51	314.19	108.07
239.75	528.33	108.08
258.54	367.84	108.14
223.88	505.72	108.15
255.35	318.64	108.17
217.56	514.69	108.24
242.89	505.69	108.29
252.19	323.09	108.29
220.73	528.18	108.31
283.82	367.97	108.31
217.57	523.67	108.31
245.89	358.95	108.34
246.08	510.18	108.34
233.37	501.22	108.35
242.71	354.47	108.37
292.65	362.56	108.42
249.03	327.53	108.44
230.23	532.10	108.45
274.35	371.72	108.53
249.05	363.42	108.54
227.04	501.21	108.58
268.01	372.38	108.59
245.86	331.96	108.59
223.89	532.03	108.64
235.83	531.75	108.65
261.68	371.67	108.67
243.18	336.35	108.67
239.72	501.19	108.68
214.40	519.18	108.69
240.03	350.00	108.69
252.18	367.18	108.75
218.28	506.74	108.77
240.31	342.00	108.81
230.22	498.84	108.84
279.87	371.30	108.84
215.14	511.26	108.85
290.07	365.78	108.86
236.52	498.88	108.88
215.17	527.08	108.89
262.42	301.90	108.89
248.73	514.72	108.91
221.50	502.34	108.92
259.28	306.39	108.94
218.39	531.52	109.00
212.81	523.63	109.01
256.20	371.18	109.02
256.16	310.88	109.02
212.83	514.72	109.03
253.82	314.27	109.10
271.17	374.43	109.11
264.87	374.43	109.11
227.07	534.78	109.11
223.92	499.16	109.15
251.51	317.62	109.19
238.14	345.45	109.20
246.72	524.71	109.20
246.72	504.74	109.22
210.86	519.18	109.26
233.36	496.28	109.28
220.77	534.61	109.29
233.37	534.59	109.30
287.70	368.68	109.30
243.56	500.36	109.31
248.41	322.15	109.33
243.56	529.04	109.35
258.57	374.16	109.38
227.11	496.32	109.41
277.47	374.13	109.41
214.54	505.91	109.41
242.14	359.79	109.42
245.28	364.22	109.44
211.38	528.03	109.45
214.52	532.44	109.48
217.68	501.48	109.50
249.74	509.29	109.51
245.33	326.69	109.51
211.40	510.33	109.52
239.62	496.36	109.54
249.71	520.12	109.57
248.48	368.58	109.60
239.07	355.27	109.60
223.92	536.81	109.60
252.33	372.02	109.63
261.74	376.45	109.66
239.55	533.00	109.67
208.23	523.61	109.70
268.01	377.12	109.70
230.20	536.77	109.70
239.81	336.66	109.70
236.66	349.84	109.72
242.26	331.25	109.72
274.29	376.42	109.77
220.81	497.02	109.77
208.24	514.75	109.79
283.67	372.61	109.80
258.65	301.01	109.81
217.64	536.88	109.83
255.50	305.46	109.90
230.23	492.57	109.93
236.51	492.56	110.00
252.35	309.90	110.03
255.45	376.51	110.12
208.20	532.50	110.13
299.96	359.42	110.13
296.55	363.44	110.15
252.16	514.71	110.15
249.06	501.43	110.16
205.07	519.19	110.17
245.93	496.99	110.19
249.19	314.35	110.19
223.94	492.54	110.21
211.34	536.93	110.25
205.06	528.07	110.26
211.36	501.41	110.37
208.21	505.86	110.40
246.03	318.79	110.41
236.08	341.06	110.45
242.80	492.52	110.46
214.50	496.96	110.50
220.77	541.37	110.53
264.87	381.00	110.54
205.05	510.29	110.55
236.80	537.30	110.56
201.90	523.63	110.62
214.48	541.40	110.64
280.89	376.95	110.65
252.83	505.84	110.66
233.37	488.05	110.66
246.00	372.12	110.67
271.16	381.01	110.71
293.75	367.85	110.73
258.58	381.03	110.73
242.27	367.67	110.75
227.08	488.04	110.75
217.64	492.49	110.76
205.03	536.97	110.77
201.89	514.73	110.82
227.37	541.82	110.83
201.89	532.53	110.83
239.66	488.03	110.89
242.24	322.88	110.90
239.14	363.53	110.91
208.18	541.43	110.94
248.46	376.89	111.05
249.35	528.17	111.08
236.29	358.94	111.13
239.41	327.49	111.14
233.08	345.54	111.14
198.32	528.08	111.14
290.05	372.50	111.20
220.21	487.82	111.21
252.58	523.40	111.22
198.34	518.94	111.22
245.92	532.74	111.27
252.16	300.85	111.29
255.55	510.27	111.29
252.20	381.29	111.30
233.42	541.52	111.32
277.52	381.17	111.32
248.98	492.13	111.33
217.83	545.96	111.34
204.80	501.61	111.35
252.28	496.91	111.36
211.29	545.91	111.36
230.35	483.54	111.36
208.16	496.93	111.36
201.88	541.45	111.36
198.73	536.99	111.36
249.29	305.19	111.39
236.53	483.65	111.39
201.96	505.86	111.40
245.77	488.07	111.43
236.71	331.97	111.44
261.71	385.34	111.44
211.57	492.55	111.45
196.10	523.57	111.46
223.96	545.63	111.48
196.08	532.22	111.49
268.05	385.23	111.50
223.81	484.09	111.51
199.10	510.47	111.51
233.65	354.53	111.51
205.23	545.61	111.52
246.21	309.94	111.53
255.08	501.56	111.57
255.20	519.04	111.58
286.58	376.55	111.61
242.48	536.91	111.64
214.71	488.32	111.66
255.66	385.22	111.67
242.54	483.93	111.68
243.29	314.51	111.71
196.15	514.71	111.74
240.40	371.85	111.84
195.56	541.46	111.87
243.10	376.23	111.88
198.71	545.92	111.89
233.85	336.82	111.90
274.02	385.16	111.91
192.40	528.08	111.93
208.17	550.39	111.97
233.37	479.04	111.98
214.47	550.41	112.00
192.41	537.00	112.01
240.20	318.68	112.04
217.61	483.49	112.05
227.06	479.04	112.08
245.94	381.14	112.10
201.87	550.39	112.10
230.24	546.00	112.11
192.39	519.16	112.13
239.68	479.03	112.15
258.04	514.75	112.26
220.78	550.45	112.27
230.99	349.95	112.29
192.40	545.92	112.32
201.83	496.85	112.32
189.24	532.54	112.32
249.09	385.61	112.33
252.31	487.94	112.34
236.44	367.79	112.35
258.64	505.80	112.35
198.68	501.31	112.35
258.56	390.08	112.35
264.87	390.09	112.36
195.56	550.39	112.36
283.82	381.23	112.37
204.98	492.39	112.37
249.15	483.48	112.40
220.75	479.01	112.43
189.25	541.46	112.43
189.23	523.62	112.45
195.53	505.77	112.46
239.73	541.62	112.46
255.47	492.40	112.46
205.02	554.87	112.49
208.13	487.92	112.51
299.09	367.14	112.55
198.71	554.86	112.57
211.33	554.90	112.57
246.00	479.01	112.58
230.21	474.55	112.60
236.53	474.55	112.61
192.37	510.22	112.63
236.42	323.10	112.64
252.24	390.09	112.68
186.09	537.00	112.69
211.28	483.45	112.71
271.20	390.14	112.72
189.25	550.39	112.72
295.86	371.51	112.74
192.41	554.85	112.77
186.07	528.07	112.78
258.66	496.86	112.80
245.88	300.81	112.81
186.09	545.92	112.81
223.90	474.54	112.83
227.11	550.53	112.83
189.21	514.68	112.85
233.23	363.36	112.85
242.84	474.55	112.86
217.64	554.94	112.87
201.87	559.34	112.92
254.87	527.29	112.94
230.52	340.89	112.94
236.63	545.46	112.95
280.69	385.74	112.95
195.57	559.32	112.96
251.69	531.75	112.97
214.43	478.98	112.97
292.60	375.83	113.03
242.71	305.26	113.03
182.93	541.45	113.04
233.71	327.50	113.04
208.18	559.37	113.04
261.72	394.59	113.07
186.10	554.84	113.08
182.92	532.52	113.10
186.06	519.13	113.10
233.37	470.07	113.12
189.26	559.31	113.13
255.40	394.57	113.14
276.81	389.15	113.14
237.14	375.71	113.15
182.94	550.38	113.15
257.96	522.70	113.15
202.51	488.89	113.16
248.46	536.11	113.18
240.05	309.66	113.19
242.75	385.65	113.20
268.06	393.90	113.21
230.81	357.81	113.21
261.34	510.31	113.21
239.69	470.08	113.21
227.05	470.06	113.25
239.57	381.20	113.25
257.92	488.96	113.25
261.32	501.31	113.26
214.52	558.69	113.26
217.58	474.51	113.27
205.71	484.48	113.27
252.33	478.99	113.28
198.73	563.80	113.29
223.99	554.25	113.29
189.94	506.79	113.29
245.91	390.11	113.30
192.42	563.78	113.30
192.84	501.23	113.31
255.50	483.45	113.31
232.64	549.44	113.32
249.83	393.50	113.32
237.19	315.29	113.32
195.49	496.80	113.33
198.65	492.33	113.33
231.61	332.09	113.33
205.05	563.10	113.35
179.78	545.91	113.36
182.90	523.59	113.37
249.17	474.53	113.37
289.33	380.12	113.37
245.24	471.16	113.38
236.52	467.75	113.39
258.57	396.87	113.39
221.52	471.16	113.40
182.95	559.30	113.40
179.76	536.98	113.40
230.22	467.78	113.42
208.92	480.10	113.43
186.11	563.77	113.45
186.84	511.33	113.45
234.08	371.08	113.46
260.23	519.18	113.46
179.79	554.83	113.46
211.32	561.62	113.46
260.23	492.45	113.47
180.55	529.18	113.48
274.32	392.33	113.48
245.18	540.42	113.50
220.77	557.13	113.50
194.79	567.14	113.50
264.87	396.76	113.50
178.20	550.36	113.52
178.20	541.45	113.52
190.06	567.12	113.53
201.87	566.01	113.53
252.27	396.71	113.55
242.82	467.93	113.57
211.32	476.85	113.58
184.54	514.72	113.58
234.95	318.72	113.60
182.19	564.81	113.62
286.92	383.28	113.63
179.06	560.37	113.63
223.92	468.00	113.63
228.68	345.45	113.64
233.37	465.05	113.67
178.31	532.54	113.67
186.14	568.87	113.67
198.71	568.85	113.68
176.19	545.91	113.69
230.22	552.49	113.69
192.42	570.30	113.70
208.94	564.74	113.70
176.19	554.80	113.71
263.20	505.81	113.72
239.65	465.07	113.73
182.25	518.11	113.73
213.72	473.62	113.74
242.82	543.50	113.77
262.40	495.83	113.78
231.93	367.72	113.79
255.43	399.53	113.79
218.36	560.23	113.80
271.91	395.41	113.80
261.70	399.52	113.81
176.22	537.03	113.81
227.10	465.10	113.81
179.84	568.14	113.82
189.27	572.58	113.82
176.70	563.70	113.83
249.06	469.55	113.84
228.82	354.36	113.84
205.00	568.08	113.84
246.04	395.06	113.85
229.59	335.47	113.86
262.36	515.76	113.86
252.96	473.66	113.86
189.35	501.45	113.86
179.39	523.69	113.87
195.56	572.57	113.88
217.68	469.58	113.88
284.48	386.47	113.88
256.10	478.11	113.88
242.14	390.96	113.89
258.98	483.65	113.89
198.82	487.41	113.89
182.98	572.59	113.90
173.56	550.36	113.90
201.94	483.66	113.90
232.74	322.18	113.93
239.01	386.49	113.93
173.55	559.26	113.94
245.94	465.81	113.94
214.43	563.59	113.95
236.13	380.95	113.95
249.15	398.81	113.98
186.20	505.89	113.98
194.93	491.54	114.00
173.57	541.47	114.01
267.98	398.76	114.01
191.79	496.00	114.02
236.52	461.35	114.03
205.08	479.20	114.04
227.73	555.66	114.04
280.50	390.51	114.04
176.73	528.12	114.04
186.12	577.05	114.05
176.69	572.60	114.07
261.63	488.05	114.08
220.80	465.82	114.08
239.07	304.47	114.08
201.85	572.56	114.09
192.41	577.04	114.09
240.31	546.73	114.09
173.54	568.16	114.09
236.64	309.91	114.09
230.23	461.35	114.10
229.88	363.16	114.11
179.83	577.06	114.13
183.04	510.33	114.14
170.41	554.81	114.14
242.80	461.34	114.17
233.48	376.56	114.17
236.44	550.14	114.18
170.40	563.71	114.19
208.22	474.73	114.21
264.75	501.37	114.21
230.37	327.70	114.21
223.87	559.11	114.22
258.56	403.26	114.22
170.41	545.92	114.24
182.98	581.51	114.25
211.29	568.08	114.26
189.27	581.50	114.27
299.35	371.92	114.27
198.71	577.03	114.27
173.57	532.57	114.27
252.28	403.28	114.28
264.74	510.24	114.30
277.41	394.30	114.30
173.54	577.06	114.31
179.88	514.77	114.32
170.39	572.62	114.34
176.68	581.52	114.35
223.94	461.34	114.36
167.25	559.27	114.37
211.36	470.26	114.41
258.44	527.92	114.41
195.56	581.50	114.42
186.12	585.97	114.43
255.38	470.23	114.44
179.83	585.97	114.44
252.24	465.78	114.44
167.24	568.17	114.44
167.25	550.37	114.45
239.66	456.87	114.45
233.37	456.87	114.45
264.85	403.27	114.45
255.29	532.34	114.47
208.14	572.56	114.48
170.41	537.02	114.49
176.72	519.22	114.51
233.47	314.34	114.51
249.10	461.32	114.52
258.52	474.68	114.52
264.79	492.48	114.53
242.85	398.85	114.53
192.41	585.96	114.54
170.39	581.52	114.55
239.71	394.40	114.55
173.53	585.98	114.56
182.97	590.43	114.58
167.24	577.07	114.59
214.50	465.79	114.61
164.10	563.72	114.61
245.99	403.31	114.61
220.73	563.62	114.62
176.68	590.43	114.62
261.61	523.53	114.63
205.00	577.04	114.63
227.08	456.87	114.64
245.96	456.85	114.65
164.10	554.82	114.65
189.27	590.42	114.66
255.42	407.76	114.67
236.57	389.95	114.68
274.28	398.81	114.68
167.26	541.47	114.69
164.09	572.62	114.70
230.31	372.14	114.70
261.67	479.12	114.71
173.56	523.66	114.71
233.32	554.68	114.73
179.82	594.89	114.73
296.58	376.90	114.74
201.85	581.50	114.74
170.38	590.44	114.76
167.23	585.98	114.77
186.12	594.88	114.77
226.80	349.91	114.77
236.52	452.40	114.78
249.13	407.78	114.79
173.53	594.89	114.80
189.31	492.51	114.80
192.46	488.05	114.80
198.71	585.97	114.81
217.64	461.32	114.82
261.71	407.76	114.82
164.09	581.53	114.83
242.81	452.39	114.83
226.76	341.02	114.84
186.16	496.95	114.84
195.61	483.60	114.85
160.94	559.27	114.86
160.94	568.17	114.87
195.56	590.43	114.87
164.10	545.92	114.87
176.67	599.34	114.89
182.97	599.34	114.89
170.41	528.11	114.91
217.59	568.11	114.91
230.23	452.40	114.91
183.01	501.40	114.92
192.41	594.89	114.93
198.75	479.14	114.93
233.42	385.51	114.94
160.94	577.08	114.95
167.23	594.89	114.96
170.38	599.35	114.98
164.08	590.44	114.99
189.27	599.34	115.00
271.14	403.30	115.00
220.78	456.85	115.01
264.83	483.56	115.03
179.86	505.85	115.03
160.94	550.37	115.03
252.27	412.24	115.04
201.90	474.68	115.04
252.25	456.84	115.05
255.40	461.29	115.07
239.67	447.93	115.07
160.93	585.99	115.07
249.11	452.38	115.09
167.25	532.56	115.09
157.79	563.72	115.10
293.88	381.31	115.10
214.45	572.59	115.10
252.88	537.17	115.11
226.80	358.80	115.12
258.56	412.24	115.12
157.79	572.63	115.13
242.83	407.80	115.15
233.37	447.93	115.15
258.55	465.74	115.15
164.08	599.35	115.16
176.70	510.29	115.17
205.04	470.22	115.17
245.96	447.92	115.18
239.69	403.34	115.18
157.79	554.82	115.19
229.79	318.75	115.20
245.98	412.25	115.20
160.93	594.90	115.21
157.78	581.54	115.21
211.30	577.06	115.21
223.93	452.38	115.21
198.71	594.89	115.22
195.57	599.35	115.23
201.86	590.43	115.24
208.16	581.52	115.25
205.01	585.98	115.25
164.09	537.01	115.26
268.00	407.78	115.27
249.63	541.61	115.28
290.64	385.74	115.29
268.39	505.81	115.30
157.78	590.45	115.30
268.45	496.91	115.31
236.54	398.89	115.31
208.19	465.75	115.31
242.82	443.46	115.32
265.40	519.46	115.32
230.44	559.56	115.32
249.12	416.71	115.33
226.60	331.76	115.35
236.52	443.46	115.36
255.42	416.71	115.36
154.63	568.18	115.37
235.87	300.57	115.37
154.63	559.27	115.39
154.63	577.08	115.40
227.08	447.92	115.41
157.78	599.35	115.41
262.32	470.19	115.42
172.91	514.74	115.42
160.94	541.46	115.42
154.63	585.99	115.45
287.37	390.16	115.46
249.12	443.46	115.47
252.26	447.91	115.48
246.33	546.02	115.48
239.67	439.00	115.51
245.97	439.00	115.51
229.72	381.39	115.51
252.27	421.17	115.52
154.63	594.90	115.53
242.82	416.72	115.54
245.97	421.17	115.54
265.17	412.68	115.55
210.61	460.97	115.57
230.22	443.46	115.58
169.79	518.88	115.59
233.06	305.19	115.60
255.98	452.36	115.60
268.42	487.74	115.60
242.82	434.54	115.61
249.12	425.63	115.61
284.06	394.56	115.62
226.69	367.65	115.62
232.94	394.70	115.64
157.15	545.58	115.64
202.44	599.35	115.64
245.97	430.09	115.64
239.17	412.27	115.64
213.97	456.60	115.65
265.25	474.41	115.65
227.38	563.83	115.65
249.12	434.54	115.65
151.11	572.63	115.68
242.82	425.63	115.68
151.09	581.54	115.69
217.33	452.24	115.69
166.90	523.46	115.70
262.29	416.97	115.70
258.95	456.60	115.71
154.23	550.16	115.71
151.12	590.45	115.72
205.41	595.12	115.73
268.21	514.64	115.73
150.87	563.77	115.73
232.81	438.76	115.74
252.81	438.65	115.75
242.77	550.56	115.75
280.73	398.95	115.76
258.92	421.34	115.76
226.95	323.21	115.76
252.84	430.44	115.76
236.18	407.67	115.77
239.23	429.84	115.77
150.93	599.30	115.77
236.18	434.38	115.78
255.70	425.77	115.78
151.23	554.89	115.78
239.44	421.14	115.80
220.76	448.03	115.80
163.95	528.17	115.80
208.26	590.39	115.81
261.68	461.25	115.82
223.93	568.13	115.82
255.31	443.41	115.83
186.17	488.02	115.84
189.34	483.57	115.85
183.04	492.48	115.85
277.59	403.01	115.86
230.41	390.07	115.86
230.38	309.73	115.87
148.86	586.01	115.87
192.55	479.14	115.87
148.85	577.08	115.88
267.76	478.99	115.88
179.96	496.97	115.88
211.10	585.88	115.89
148.83	594.56	115.89
255.04	434.54	115.89
161.16	532.66	115.90
227.28	376.69	115.90
237.03	416.42	115.91
224.43	443.65	115.91
233.68	403.18	115.92
148.81	568.51	115.92
195.81	474.73	115.92
220.52	572.53	115.93
176.93	501.48	115.93
237.08	425.63	115.93
258.04	448.20	115.93
214.12	581.37	115.95
270.84	501.37	115.95
273.95	407.67	115.96
217.26	576.92	115.96
199.11	470.34	115.98
264.43	465.97	115.98
158.28	537.26	115.98
270.66	492.37	115.99
173.93	506.02	115.99
148.73	559.27	116.01
227.38	439.43	116.01
239.39	554.72	116.02
270.53	412.01	116.03
202.44	465.96	116.04
258.57	430.09	116.06
233.37	430.08	116.06
170.97	510.57	116.07
230.22	434.53	116.09
224.26	345.46	116.09
215.80	449.02	116.10
155.21	541.44	116.11
224.37	336.50	116.12
208.18	599.36	116.13
258.57	438.99	116.14
145.17	599.36	116.14
261.72	425.64	116.15
145.17	590.45	116.15
205.30	461.65	116.16
224.35	354.40	116.17
270.68	509.95	116.18
268.03	416.74	116.19
145.17	581.54	116.19
264.88	421.19	116.19
230.79	398.91	116.20
233.36	412.27	116.20
261.73	452.35	116.20
227.61	314.59	116.23
233.36	421.18	116.23
145.16	572.63	116.26
227.53	385.55	116.27
235.82	559.04	116.28
151.46	545.89	116.29
270.67	483.53	116.29
224.41	362.91	116.31
167.20	514.70	116.32
208.15	456.79	116.32
211.34	594.91	116.36
211.30	452.33	116.37
145.16	563.72	116.37
214.44	447.87	116.37
142.01	594.90	116.38
268.04	470.16	116.38
261.73	434.54	116.40
148.31	550.34	116.40
261.73	443.45	116.40
264.28	527.84	116.41
230.21	425.62	116.42
142.01	585.99	116.44
224.28	327.62	116.44
164.05	519.15	116.45
264.89	456.80	116.46
261.11	532.32	116.46
217.60	443.41	116.51
230.20	407.82	116.52
142.01	577.08	116.53
227.05	430.07	116.55
230.20	416.72	116.57
160.90	523.60	116.57
224.43	372.19	116.57
138.86	599.35	116.59
220.75	438.96	116.59
145.15	554.80	116.60
223.90	434.52	116.60
264.89	430.10	116.61
214.50	590.47	116.61
142.00	568.17	116.66
267.48	523.70	116.67
138.86	590.44	116.67
157.74	528.05	116.70
264.90	447.90	116.71
227.02	394.46	116.72
264.90	439.00	116.77
268.06	461.25	116.78
268.05	425.66	116.78
138.85	581.53	116.78
271.22	474.61	116.79
154.59	532.50	116.81
230.15	300.85	116.82
233.42	563.83	116.83
227.04	421.17	116.85
217.67	586.03	116.86
141.99	559.25	116.88
135.70	594.90	116.89
214.51	599.37	116.89
182.93	483.47	116.92
151.44	536.95	116.92
271.20	421.22	116.92
179.78	487.93	116.92
274.40	496.90	116.93
227.02	403.37	116.93
186.08	479.02	116.94
138.84	572.62	116.94
258.31	536.70	116.94
176.63	492.39	116.95
189.23	474.56	116.98
227.03	412.27	116.98
173.47	496.84	116.99
274.36	416.78	117.02
148.28	541.40	117.02
135.70	585.98	117.02
192.37	470.10	117.03
274.39	487.98	117.03
223.84	381.11	117.03
220.83	581.60	117.05
230.28	568.29	117.05
170.32	501.29	117.06
268.06	452.34	117.06
223.88	425.61	117.06
223.82	318.69	117.08
195.52	465.64	117.09
277.52	412.34	117.09
132.55	599.35	117.10
268.06	434.55	117.10
274.42	505.84	117.12
280.68	407.90	117.13
167.17	505.75	117.14
145.13	545.86	117.14
198.67	461.19	117.15
283.84	403.46	117.15
271.23	465.70	117.16
138.83	563.70	117.16
223.99	577.17	117.16
287.00	399.02	117.16
227.14	572.74	117.17
290.16	394.59	117.17
293.32	390.15	117.18
268.07	443.45	117.18
296.49	385.71	117.19
135.69	577.07	117.19
299.65	381.27	117.20
201.82	456.73	117.20
220.73	430.05	117.20
226.97	305.30	117.23
164.02	510.20	117.23
204.97	452.28	117.24
132.54	590.43	117.25
208.12	447.83	117.26
271.29	519.27	117.26
223.84	390.01	117.27
211.27	443.38	117.28
217.58	434.49	117.28
274.40	479.06	117.29
214.42	438.93	117.30
141.97	550.31	117.30
217.69	594.92	117.30
160.86	514.65	117.33
223.87	416.71	117.35
245.40	554.06	117.38
271.23	430.12	117.40
252.38	546.09	117.41
135.68	568.15	117.42
157.71	519.11	117.43
223.84	398.91	117.43
132.53	581.52	117.43
129.39	594.89	117.46
271.24	456.79	117.46
223.85	407.81	117.47
255.51	541.60	117.51
138.81	554.77	117.51
221.11	332.09	117.52
154.56	523.56	117.53
249.24	550.58	117.57
224.29	309.72	117.58
274.41	470.15	117.61
273.95	514.85	117.62
221.13	367.72	117.62
242.16	558.39	117.63
151.41	528.01	117.63
271.24	439.01	117.63
271.24	447.90	117.63
220.38	590.51	117.63
220.71	421.14	117.64
126.23	599.34	117.65
129.38	585.97	117.66
277.08	492.45	117.66
221.31	348.82	117.66
132.52	572.60	117.67
274.39	425.68	117.68
221.13	341.06	117.68
221.16	376.65	117.68
221.15	323.13	117.71
276.81	420.21	117.71
148.26	532.46	117.72
221.14	358.77	117.73
177.35	484.50	117.74
142.70	542.42	117.74
180.50	480.05	117.74
174.21	488.96	117.75
135.66	559.22	117.75
277.07	501.40	117.75
183.66	475.60	117.76
171.06	493.43	117.78
277.05	483.51	117.78
218.06	425.56	117.79
186.82	471.16	117.79
273.89	461.23	117.80
276.06	474.63	117.81
221.19	385.56	117.81
167.93	497.91	117.82
145.10	536.91	117.82
215.17	431.10	117.83
189.99	466.72	117.83
221.21	412.24	117.83
272.89	452.36	117.84
133.27	564.76	117.84
223.22	584.95	117.85
222.21	314.27	117.85
129.88	577.04	117.85
220.33	599.36	117.85
238.93	562.72	117.86
276.02	510.27	117.86
126.22	590.42	117.87
193.15	462.29	117.87
139.59	546.95	117.87
164.80	502.39	117.87
279.90	415.68	117.88
273.62	433.47	117.88
212.05	435.59	117.90
257.53	540.38	117.90
196.31	457.85	117.90
272.84	443.45	117.91
221.22	394.46	117.92
208.92	440.06	117.93
199.47	453.41	117.93
161.67	506.88	117.93
221.23	403.35	117.93
205.77	444.51	117.94
202.62	448.97	117.94
127.78	581.54	117.95
123.87	595.99	117.95
282.23	412.27	117.99
137.26	550.36	117.99
158.54	511.37	118.00
236.52	565.98	118.01
130.98	568.18	118.01
225.52	581.54	118.01
219.18	416.72	118.02
225.48	300.91	118.03
275.88	465.72	118.06
156.21	514.72	118.06
121.57	599.36	118.08
284.53	408.92	118.08
125.52	584.88	118.09
234.14	569.24	118.11
153.87	518.09	118.12
227.82	578.17	118.12
134.98	553.71	118.12
275.83	430.09	118.13
268.77	529.16	118.13
275.03	455.70	118.16
230.96	573.68	118.17
128.70	571.55	118.17
278.95	487.99	118.18
265.62	533.57	118.18
278.16	477.98	118.18
278.94	496.90	118.18
274.77	438.98	118.19
150.75	522.58	118.19
222.24	594.90	118.20
219.31	327.63	118.20
287.64	404.41	118.21
219.32	372.18	118.21
274.76	447.92	118.22
216.92	420.13	118.22
122.67	590.49	118.23
219.32	407.81	118.23
132.13	559.33	118.24
219.34	381.09	118.24
126.34	577.12	118.26
271.86	524.66	118.26
277.90	425.55	118.27
147.62	527.08	118.27
214.54	425.69	118.27
220.12	317.65	118.27
219.36	336.54	118.28
278.12	506.87	118.29
219.37	390.00	118.30
223.26	304.33	118.31
219.38	398.91	118.31
219.39	363.27	118.32
290.75	399.89	118.32
141.60	537.10	118.32
277.88	470.22	118.34
144.50	531.57	118.35
120.02	594.93	118.36
138.95	541.52	118.36
223.81	590.40	118.37
220.20	353.28	118.38
129.49	563.76	118.39
217.70	412.30	118.40
211.39	430.16	118.43
262.39	537.90	118.44
293.85	395.38	118.44
123.18	581.57	118.46
280.53	421.11	118.47
277.38	461.29	118.48
173.60	483.65	118.48
176.75	479.20	118.49
170.45	488.10	118.49
135.79	545.97	118.50
179.90	474.74	118.50
220.89	309.87	118.52
167.30	492.55	118.52
274.91	520.08	118.53
116.87	599.39	118.53
208.24	434.62	118.53
183.05	470.29	118.53
164.15	497.00	118.56
186.19	465.83	118.56
277.39	434.52	118.56
280.50	492.45	118.57
296.96	390.86	118.58
205.09	439.08	118.59
189.34	461.37	118.60
217.70	403.37	118.60
223.82	599.36	118.60
126.33	568.21	118.61
160.99	501.45	118.61
192.49	456.91	118.62
201.94	443.54	118.63
280.51	483.55	118.63
195.64	452.45	118.64
198.79	447.99	118.64
277.34	514.64	118.65
120.02	586.02	118.66
277.39	452.37	118.66
157.84	505.90	118.66
132.64	550.41	118.67
248.95	555.25	118.68
217.71	394.45	118.68
217.74	376.64	118.68
217.72	385.54	118.68
277.39	443.45	118.71
255.97	546.69	118.71
219.67	345.45	118.72
154.69	510.34	118.73
280.50	501.33	118.74
283.68	416.65	118.75
214.53	416.76	118.75
217.76	332.07	118.76
252.81	551.10	118.76
217.75	367.74	118.78
259.11	542.22	118.78
245.87	559.07	118.79
217.74	323.20	118.79
151.53	514.79	118.80
226.98	585.93	118.81
123.17	572.66	118.81
280.53	474.65	118.81
116.87	590.47	118.84
129.48	554.85	118.85
148.38	519.24	118.87
145.23	523.69	118.94
113.71	594.93	119.00
280.55	430.06	119.01
120.01	577.11	119.01
142.07	528.14	119.02
286.84	412.20	119.02
211.37	421.21	119.04
280.55	465.74	119.04
126.32	559.30	119.05
242.74	563.57	119.05
214.53	407.83	119.09
138.92	532.59	119.11
230.14	581.47	119.14
217.70	314.30	119.14
110.56	599.38	119.16
116.86	581.56	119.19
135.77	537.04	119.21
220.84	300.95	119.22
280.56	456.82	119.23
123.16	563.75	119.24
280.54	510.23	119.24
208.21	425.67	119.26
239.60	568.06	119.26
280.57	438.99	119.27
290.00	407.75	119.30
214.52	398.91	119.31
233.31	577.01	119.32
132.61	541.49	119.32
280.57	447.91	119.33
236.46	572.54	119.36
113.70	586.01	119.37
217.15	358.84	119.40
283.71	487.99	119.41
205.06	430.12	119.42
120.00	568.20	119.43
283.72	425.61	119.44
214.52	390.00	119.45
129.46	545.93	119.45
217.23	340.96	119.46
211.36	412.29	119.51
110.55	590.46	119.53
201.90	434.58	119.53
227.63	594.89	119.55
167.25	483.58	119.59
170.40	479.13	119.59
164.10	488.04	119.59
173.55	474.67	119.60
126.30	550.38	119.61
116.85	572.65	119.61
160.95	492.49	119.61
198.75	439.03	119.61
176.70	470.22	119.62
157.80	496.94	119.64
284.35	479.09	119.64
179.85	465.76	119.64
195.60	443.48	119.66
284.25	496.90	119.67
183.00	461.31	119.67
154.65	501.39	119.67
107.39	594.92	119.68
186.15	456.85	119.69
192.45	447.94	119.69
213.97	381.09	119.69
189.30	452.39	119.69
151.50	505.84	119.71
123.14	554.83	119.77
284.26	470.18	119.78
113.69	577.10	119.78
271.73	532.77	119.78
214.12	372.18	119.81
293.77	403.64	119.81
217.21	305.38	119.81
104.24	599.37	119.81
274.84	528.32	119.82
147.72	510.29	119.86
268.51	537.17	119.87
284.14	434.54	119.92
284.13	461.27	119.92
213.99	327.97	119.94
210.95	403.36	119.94
277.83	523.81	119.97
144.47	514.39	119.97
207.55	416.37	119.99
287.36	421.44	120.00
141.40	518.88	120.01
109.99	581.55	120.01
296.65	399.04	120.01
284.12	506.03	120.02
119.34	558.93	120.05
138.34	523.38	120.05
213.91	318.79	120.05
265.18	541.55	120.05
135.30	527.88	120.09
284.35	452.39	120.10
284.31	443.43	120.11
214.19	363.35	120.15
132.27	532.39	120.15
230.54	590.33	120.15
106.97	585.78	120.15
116.49	563.54	120.16
204.81	421.06	120.17
214.27	336.48	120.18
211.03	394.50	120.18
261.84	545.94	120.20
129.27	536.92	120.21
280.80	519.06	120.21
104.03	590.58	120.25
299.62	394.35	120.25
286.95	483.54	120.26
217.61	349.91	120.26
214.45	309.82	120.26
113.63	568.21	120.27
126.36	541.38	120.28
258.53	550.42	120.28
290.01	416.75	120.29
211.38	385.54	120.29
286.86	492.45	120.29
208.29	407.77	120.30
286.81	474.62	120.31
202.11	425.46	120.31
101.30	595.02	120.33
230.08	599.36	120.34
286.70	430.14	120.34
123.36	546.02	120.36
110.83	572.79	120.37
255.30	554.77	120.39
286.54	465.68	120.39
211.67	376.59	120.40
98.46	599.64	120.41
199.05	430.25	120.42
120.45	550.60	120.45
286.45	501.47	120.45
108.01	577.42	120.47
196.07	434.78	120.50
233.08	585.84	120.50
286.44	457.15	120.51
283.46	514.55	120.51
286.42	438.65	120.52
251.97	559.16	120.54
158.37	488.26	120.55
161.51	483.80	120.55
208.73	399.27	120.55
164.67	479.35	120.56
155.23	492.73	120.56
193.03	439.29	120.56
167.83	474.90	120.57
152.11	497.20	120.57
211.81	323.54	120.57
171.01	470.46	120.58
149.01	501.68	120.58
292.79	412.04	120.59
174.19	466.02	120.59
189.95	443.77	120.59
117.38	554.80	120.60
145.91	506.16	120.60
177.36	461.58	120.61
186.84	448.23	120.61
180.54	457.13	120.62
286.56	447.90	120.62
183.70	452.69	120.62
205.46	412.26	120.63
211.84	368.07	120.63
215.07	301.26	120.64
214.91	354.61	120.69
248.64	563.55	120.70
104.21	581.53	120.71
211.67	332.10	120.75
235.94	581.26	120.76
211.75	314.26	120.78
142.00	510.24	120.80
289.56	425.65	120.82
113.66	559.25	120.82
101.06	585.98	120.84
138.85	514.69	120.84
245.33	567.94	120.84
208.72	389.99	120.84
215.07	345.13	120.87
135.70	519.15	120.88
238.96	576.78	120.90
242.09	572.35	120.92
132.55	523.60	120.94
289.49	488.00	120.94
97.91	590.43	120.96
110.50	563.70	120.96
286.38	510.30	120.99
129.40	528.05	121.00
295.84	407.86	121.02
201.83	416.70	121.04
94.76	594.88	121.07
126.25	532.50	121.07
290.12	479.08	121.09
107.35	568.15	121.10
123.09	536.96	121.16
91.60	599.33	121.17
290.12	470.17	121.18
204.97	403.34	121.20
104.20	572.60	121.23
208.11	381.07	121.24
119.94	541.41	121.25
198.67	421.14	121.30
290.14	496.92	121.31
290.13	461.26	121.31
290.13	434.55	121.32
211.25	305.33	121.33
116.79	545.86	121.36
101.04	577.05	121.36
233.47	594.93	121.38
211.24	358.77	121.38
290.14	452.35	121.43
277.55	532.65	121.43
290.14	443.45	121.45
274.40	537.12	121.47
113.63	550.31	121.47
97.89	581.50	121.48
195.51	425.58	121.50
211.24	341.06	121.51
208.08	372.16	121.53
293.31	421.22	121.54
280.71	528.19	121.54
94.74	585.95	121.59
110.48	554.76	121.59
204.94	394.43	121.59
271.25	541.60	121.62
201.80	407.77	121.63
208.08	318.71	121.65
192.36	430.02	121.65
208.08	327.65	121.66
299.64	403.45	121.68
91.59	590.41	121.69
107.33	559.22	121.71
189.20	434.46	121.77
283.88	523.74	121.77
290.18	505.86	121.77
148.26	492.36	121.78
151.41	487.90	121.78
145.11	496.82	121.78
88.44	594.86	121.79
154.56	483.45	121.79
141.96	501.27	121.79
157.71	478.99	121.81
138.81	505.73	121.81
104.17	563.67	121.82
160.86	474.53	121.83
135.66	510.18	121.83
268.11	546.08	121.84
186.05	438.91	121.85
164.01	470.07	121.85
261.15	554.04	121.85
132.51	514.64	121.86
85.28	599.31	121.87
167.15	465.62	121.87
182.90	443.35	121.89
129.36	519.09	121.90
170.30	461.16	121.90
208.07	309.78	121.90
173.45	456.71	121.92
179.75	447.80	121.92
293.33	483.55	121.92
204.92	385.51	121.92
176.60	452.25	121.92
293.32	474.63	121.93
208.06	363.23	121.93
126.21	523.55	121.94
101.02	568.12	121.94
286.57	519.33	121.98
296.01	416.82	121.98
208.06	336.59	121.99
198.63	412.21	121.99
123.06	528.00	121.99
293.33	430.12	122.00
236.17	590.57	122.01
293.33	465.71	122.03
292.84	456.80	122.03
257.93	558.40	122.04
97.87	572.57	122.05
211.71	349.87	122.05
119.91	532.46	122.06
293.34	492.47	122.06
264.98	550.57	122.06
292.83	439.01	122.08
205.40	376.59	122.10
292.83	447.90	122.11
201.76	398.86	122.13
116.76	536.91	122.13
235.19	599.36	122.15
94.72	577.02	122.16
195.98	416.61	122.19
289.42	513.71	122.19
108.05	551.33	122.20
113.60	541.36	122.21
206.40	332.09	122.22
110.96	545.79	122.23
208.59	300.82	122.24
254.71	562.76	122.24
91.57	581.47	122.25
208.85	355.38	122.26
294.96	425.63	122.26
292.80	501.43	122.26
193.11	422.20	122.27
86.03	591.46	122.27
88.93	585.90	122.29
104.93	555.83	122.29
202.55	391.07	122.30
238.98	584.94	122.30
205.69	368.81	122.31
205.45	323.18	122.32
294.92	479.09	122.32
205.70	315.37	122.33
298.82	411.18	122.34
199.42	404.44	122.34
82.91	595.95	122.35
294.89	470.18	122.36
208.90	344.38	122.37
294.88	487.99	122.38
101.82	560.34	122.39
190.02	426.73	122.43
251.49	567.11	122.44
99.47	563.72	122.46
294.82	461.27	122.46
203.42	381.09	122.46
206.57	305.36	122.46
294.78	434.54	122.52
187.71	430.09	122.52
241.23	581.54	122.52
291.63	510.27	122.52
206.61	358.81	122.52
97.16	567.06	122.53
141.25	495.81	122.54
138.10	500.27	122.54
144.40	491.36	122.55
134.96	504.72	122.55
294.75	452.36	122.56
147.56	486.91	122.56
249.12	570.34	122.56
131.81	509.18	122.56
206.65	341.00	122.57
150.71	482.47	122.57
128.67	513.65	122.58
185.37	433.46	122.59
294.73	496.90	122.59
153.87	478.02	122.59
294.72	443.45	122.59
197.22	407.81	122.60
125.53	518.11	122.60
94.04	571.56	122.61
157.03	473.58	122.61
243.56	578.15	122.62
246.71	573.67	122.63
122.39	522.58	122.64
160.18	469.14	122.64
182.24	437.95	122.65
200.41	394.45	122.66
204.35	328.74	122.66
163.34	464.69	122.66
119.26	527.06	122.68
297.04	422.27	122.68
281.34	533.57	122.68
166.50	460.25	122.69
278.19	538.01	122.69
208.23	349.94	122.69
179.11	442.43	122.69
90.92	576.06	122.70
85.39	586.06	122.70
169.66	455.81	122.71
175.96	446.90	122.71
172.81	451.35	122.72
116.12	531.53	122.72
107.45	545.99	122.73
203.61	372.18	122.73
204.60	309.86	122.75
284.45	529.08	122.77
237.14	595.97	122.78
82.24	590.51	122.78
87.80	580.56	122.78
112.99	536.02	122.78
275.01	542.41	122.78
203.65	318.72	122.79
201.46	385.59	122.79
204.62	363.32	122.81
296.77	474.64	122.81
104.30	550.44	122.81
204.62	336.49	122.82
296.76	483.53	122.83
194.92	411.29	122.83
109.87	540.50	122.84
79.08	594.96	122.85
192.52	416.80	122.87
296.25	456.83	122.88
293.83	506.79	122.88
296.75	465.74	122.89
101.14	554.88	122.90
198.34	398.98	122.90
75.93	599.42	122.92
289.93	519.07	122.93
296.74	430.05	122.94
271.81	546.78	122.94
287.53	524.54	122.95
296.25	438.99	122.97
296.25	447.91	122.98
205.10	354.37	122.98
296.73	492.41	122.98
201.99	376.66	122.99
97.99	559.33	122.99
205.08	345.45	123.00
299.38	416.66	123.01
205.12	300.95	123.03
94.83	563.78	123.08
189.35	421.26	123.10
264.71	555.26	123.11
268.59	551.14	123.13
91.68	568.23	123.16
201.97	323.18	123.20
239.52	590.36	123.22
296.26	501.32	123.22
261.62	559.07	123.23
195.66	403.41	123.24
88.53	572.68	123.25
198.81	390.03	123.25
201.96	314.28	123.27
186.19	425.71	123.27
132.63	501.44	123.30
129.48	505.89	123.31
135.78	496.99	123.31
126.33	510.35	123.31
201.96	367.75	123.31
138.93	492.53	123.32
85.37	577.14	123.32
123.18	514.80	123.33
201.96	332.07	123.33
142.08	488.08	123.34
120.03	519.25	123.35
145.23	483.63	123.36
293.12	514.65	123.36
116.88	523.70	123.38
148.38	479.17	123.39
82.22	581.59	123.40
183.04	430.16	123.40
151.53	474.72	123.42
113.73	528.15	123.42
154.68	470.26	123.45
79.07	586.04	123.46
110.58	532.60	123.47
157.83	465.80	123.49
179.88	434.61	123.49
201.93	349.92	123.49
299.43	479.08	123.50
160.98	461.35	123.52
299.44	470.18	123.52
258.48	563.56	123.52
75.92	590.49	123.53
107.42	537.05	123.53
201.94	340.99	123.54
176.73	439.07	123.54
201.94	305.38	123.54
164.13	456.89	123.55
299.43	425.61	123.56
201.94	358.82	123.57
167.28	452.43	123.57
173.58	443.52	123.57
170.43	447.98	123.58
72.76	594.94	123.58
104.27	541.50	123.59
299.44	487.98	123.60
192.48	407.86	123.62
299.44	461.28	123.63
69.61	599.40	123.63
198.79	381.11	123.64
101.12	545.95	123.65
97.96	550.40	123.72
299.45	452.37	123.76
94.81	554.85	123.79
195.63	394.48	123.79
91.66	559.30	123.86
189.31	412.30	123.93
88.51	563.75	123.93
198.77	318.73	123.98
85.35	568.20	124.00
296.92	510.24	124.03
82.20	572.66	124.06
239.95	599.35	124.10
79.05	577.11	124.12
243.38	586.28	124.12
198.18	372.19	124.13
256.08	568.39	124.13
198.17	327.63	124.16
75.90	581.56	124.18
284.41	537.27	124.22
72.74	586.01	124.23
198.22	309.82	124.24
281.23	541.69	124.25
287.51	532.81	124.26
69.59	590.46	124.27
198.38	345.46	124.29
198.30	336.54	124.30
252.71	572.78	124.30
66.44	594.92	124.32
246.33	581.70	124.34
198.37	363.27	124.34
277.96	546.09	124.35
63.29	599.37	124.35
290.53	528.31	124.36
185.45	416.38	124.36
249.45	577.21	124.39
195.05	385.21	124.41
191.89	398.59	124.42
198.22	354.72	124.43
119.37	509.99	124.46
122.53	505.54	124.46
116.22	514.44	124.47
125.69	501.10	124.47
113.08	518.90	124.47
128.87	496.66	124.48
109.96	523.37	124.49
132.06	492.22	124.49
274.62	550.47	124.49
182.54	420.96	124.50
106.84	527.84	124.51
135.25	487.79	124.51
299.82	505.99	124.52
138.45	483.35	124.53
103.74	532.31	124.53
293.47	523.76	124.53
198.37	300.69	124.54
141.66	478.93	124.55
100.65	536.79	124.56
144.87	474.50	124.58
97.57	541.28	124.59
179.57	425.51	124.59
148.08	470.07	124.61
94.50	545.77	124.62
151.30	465.65	124.64
91.44	550.27	124.65
176.55	430.03	124.66
154.51	461.22	124.67
195.43	376.66	124.68
271.11	555.00	124.68
88.38	554.77	124.69
189.16	403.42	124.70
157.72	456.79	124.70
173.49	434.53	124.71
161.07	452.13	124.72
85.31	559.29	124.72
195.58	323.18	124.73
170.55	438.77	124.73
164.09	447.91	124.73
167.25	443.46	124.74
195.63	314.26	124.74
296.26	519.24	124.76
82.27	563.77	124.76
192.60	389.94	124.78
79.22	568.27	124.79
195.79	332.11	124.80
76.16	572.77	124.82
195.91	367.67	124.84
73.11	577.27	124.85
196.05	305.25	124.86
70.05	581.76	124.88
267.82	559.20	124.89
196.08	341.03	124.90
66.98	586.26	124.90
242.53	594.99	124.91
186.47	408.00	124.92
63.91	590.75	124.92
60.83	595.24	124.94
196.06	359.15	124.99
57.58	599.35	125.01
299.09	514.48	125.04
196.10	349.95	125.08
264.39	563.56	125.12
192.82	381.08	125.16
183.47	412.25	125.18
189.73	394.43	125.21
193.02	318.72	125.31
110.50	514.69	125.33
113.65	510.23	125.33
107.35	519.14	125.33
116.80	505.78	125.34
104.20	523.60	125.34
101.05	528.05	125.36
119.95	501.32	125.36
97.90	532.51	125.38
123.10	496.86	125.38
94.75	536.96	125.41
126.25	492.41	125.41
91.60	541.42	125.44
129.40	487.95	125.45
88.45	545.87	125.47
132.54	483.49	125.49
85.30	550.32	125.51
179.78	416.68	125.51
192.38	327.64	125.51
261.49	567.89	125.52
192.38	309.81	125.53
135.69	479.03	125.54
82.15	554.78	125.54
79.00	559.23	125.58
138.84	474.58	125.59
192.37	372.17	125.60
75.85	563.68	125.61
141.99	470.12	125.64
245.54	590.51	125.65
72.70	568.14	125.65
176.63	421.12	125.68
192.37	336.55	125.68
69.55	572.59	125.68
145.13	465.66	125.69
66.40	577.04	125.71
290.13	537.08	125.71
286.98	541.55	125.72
63.25	581.50	125.73
148.28	461.20	125.75
60.10	585.95	125.75
186.06	398.87	125.76
56.95	590.41	125.77
53.80	594.86	125.79
173.47	425.57	125.79
192.37	300.89	125.79
50.65	599.32	125.80
293.29	532.63	125.80
151.43	456.74	125.80
283.83	546.02	125.82
192.35	363.26	125.82
154.58	452.28	125.85
189.20	385.51	125.87
170.32	430.02	125.87
157.72	447.83	125.89
167.17	434.47	125.91
160.87	443.37	125.91
164.02	438.92	125.92
296.45	528.18	125.98
192.35	345.49	125.99
280.69	550.50	126.00
192.35	354.34	126.04
251.78	580.85	126.10
258.66	572.83	126.11
182.89	403.30	126.13
189.19	314.27	126.16
189.19	323.19	126.19
299.62	523.73	126.24
277.56	554.99	126.26
189.17	376.61	126.27
189.19	305.34	126.30
97.87	523.55	126.30
101.02	519.09	126.30
94.72	528.00	126.31
104.17	514.63	126.31
189.18	332.10	126.31
91.57	532.46	126.32
107.32	510.18	126.32
88.42	536.92	126.33
110.46	505.72	126.34
85.27	541.37	126.35
82.12	545.83	126.36
113.61	501.26	126.37
78.97	550.28	126.38
249.28	586.16	126.40
116.76	496.80	126.40
186.02	389.94	126.40
75.82	554.74	126.40
274.46	558.79	126.41
72.67	559.19	126.42
179.73	407.73	126.43
255.55	577.32	126.43
119.91	492.35	126.43
69.52	563.65	126.44
66.37	568.10	126.46
63.23	572.56	126.48
123.06	487.89	126.48
270.52	562.87	126.49
60.08	577.01	126.49
56.93	581.47	126.50
189.18	341.02	126.51
53.78	585.92	126.51
139.51	466.61	126.51
50.63	590.37	126.52
189.16	367.71	126.52
47.48	594.83	126.52
44.33	599.28	126.52
126.20	483.43	126.53
189.66	358.79	126.54
177.06	412.13	126.56
189.67	349.93	126.56
174.16	417.66	126.57
142.68	462.18	126.57
129.35	478.97	126.58
183.61	395.43	126.61
245.60	599.44	126.61
135.62	470.75	126.62
145.85	457.76	126.62
132.50	474.51	126.64
186.76	382.11	126.66
171.06	422.16	126.67
149.02	453.33	126.68
152.18	448.90	126.72
186.55	318.73	126.74
167.93	426.65	126.74
187.55	300.91	126.75
187.56	336.54	126.75
186.56	309.80	126.76
155.35	444.46	126.76
186.79	326.55	126.76
164.80	431.12	126.78
158.50	440.02	126.78
161.66	435.57	126.79
267.25	567.17	126.81
187.60	372.18	126.82
181.34	398.91	126.87
292.44	540.36	126.91
290.07	543.71	126.92
294.81	536.99	126.93
187.69	363.27	126.94
187.70	345.45	126.95
90.85	526.99	126.98
87.70	531.44	126.98
287.70	546.99	126.98
84.55	535.90	126.98
94.00	522.53	126.98
81.41	540.35	126.99
97.15	518.08	126.99
297.13	533.65	126.99
78.26	544.81	127.00
100.31	513.64	127.00
75.11	549.27	127.01
71.96	553.73	127.01
103.46	509.19	127.02
68.82	558.19	127.02
184.60	385.54	127.03
65.67	562.65	127.03
187.76	354.36	127.04
62.52	567.10	127.04
59.38	571.56	127.04
40.48	598.29	127.04
106.62	504.75	127.05
56.23	576.02	127.05
43.63	593.84	127.05
53.08	580.47	127.05
46.78	589.38	127.05
49.93	584.93	127.05
247.48	594.90	127.05
264.87	570.29	127.07
109.78	500.31	127.07
185.42	304.25	127.08
179.10	402.28	127.08
185.68	332.07	127.09
112.94	495.87	127.11
284.51	551.37	127.11
184.67	314.27	127.12
116.10	491.44	127.15
185.70	376.68	127.16
184.71	323.18	127.18
119.27	487.00	127.19
135.81	465.85	127.23
185.70	340.97	127.24
122.44	482.57	127.24
182.57	390.09	127.25
173.63	412.37	127.27
125.60	478.15	127.29
138.95	461.39	127.30
186.23	358.82	127.31
281.30	555.73	127.31
176.03	406.87	127.33
262.39	573.52	127.34
128.77	473.72	127.35
142.10	456.94	127.37
185.74	367.74	127.37
131.95	469.30	127.41
170.46	416.83	127.42
145.25	452.48	127.44
186.24	349.89	127.45
183.06	309.82	127.46
183.06	318.72	127.48
148.40	448.02	127.50
274.22	563.51	127.52
249.67	591.33	127.52
167.31	421.28	127.53
151.55	443.56	127.55
278.06	560.05	127.56
179.92	394.52	127.56
34.98	599.42	127.58
164.15	425.73	127.59
38.13	594.97	127.59
154.70	439.10	127.59
41.28	590.52	127.60
252.56	585.71	127.60
183.06	327.62	127.61
183.05	300.93	127.61
44.43	586.06	127.61
255.21	581.96	127.61
157.85	434.64	127.62
161.00	430.19	127.62
47.58	581.61	127.62
50.73	577.15	127.62
53.88	572.70	127.63
57.03	568.25	127.63
60.18	563.79	127.63
63.33	559.34	127.64
66.48	554.88	127.64
69.63	550.43	127.64
72.78	545.98	127.64
75.93	541.52	127.64
79.08	537.07	127.64
82.23	532.62	127.64
85.38	528.16	127.65
183.07	381.12	127.66
88.53	523.71	127.66
259.12	577.81	127.68
91.68	519.26	127.68
94.83	514.80	127.70
97.98	510.35	127.72
183.05	336.54	127.74
101.13	505.89	127.75
104.28	501.44	127.79
183.03	345.44	127.83
107.43	496.98	127.83
110.58	492.53	127.87
183.02	354.36	127.92
113.73	488.07	127.93
176.75	398.96	127.93
271.10	568.01	127.95
116.87	483.61	127.99
183.05	372.19	127.99
120.02	479.16	128.05
183.04	363.26	128.05
296.30	541.35	128.06
293.15	545.80	128.09
179.88	314.27	128.10
179.84	349.91	128.11
179.87	305.37	128.11
123.17	474.70	128.12
299.45	536.91	128.12
126.32	470.24	128.19
290.01	550.26	128.20
173.58	403.41	128.23
179.88	385.57	128.23
179.88	323.17	128.23
129.46	465.78	128.27
28.66	599.39	128.29
31.81	594.94	128.32
34.96	590.48	128.34
249.48	599.33	128.35
132.61	461.32	128.35
38.11	586.03	128.36
41.26	581.57	128.38
44.41	577.12	128.39
179.87	332.08	128.40
47.55	572.67	128.41
50.70	568.21	128.43
179.86	341.00	128.43
135.76	456.86	128.43
53.85	563.76	128.44
170.41	407.85	128.45
57.00	559.30	128.45
60.15	554.85	128.47
63.30	550.39	128.48
66.45	545.94	128.49
138.90	452.40	128.51
69.60	541.48	128.51
72.75	537.03	128.52
287.17	555.16	128.54
75.90	532.57	128.54
79.05	528.12	128.56
82.20	523.66	128.58
142.05	447.94	128.59
85.35	519.21	128.61
88.50	514.75	128.64
91.65	510.30	128.67
268.70	572.83	128.69
176.18	309.81	128.79
166.54	411.94	128.80
284.30	559.46	128.82
144.44	443.14	128.83
176.20	300.91	128.84
179.26	359.17	128.85
179.32	376.30	128.86
94.01	505.48	128.87
176.17	389.71	128.87
163.50	416.45	128.87
147.69	438.72	128.87
97.24	501.06	128.89
150.92	434.30	128.90
160.42	420.94	128.91
154.12	429.86	128.92
100.47	496.64	128.93
157.29	425.41	128.93
176.15	319.07	128.94
103.71	492.22	128.96
106.96	487.81	129.00
179.40	367.72	129.02
110.21	483.40	129.04
280.82	563.79	129.05
176.31	345.57	129.06
21.96	599.19	129.06
264.85	577.34	129.08
25.18	594.77	129.08
113.47	479.00	129.09
176.42	327.59	129.10
28.39	590.34	129.10
176.47	354.25	129.11
31.61	585.92	129.12
173.35	394.55	129.14
116.74	474.59	129.14
34.82	581.49	129.14
38.03	577.06	129.16
41.21	572.67	129.18
119.89	470.35	129.19
252.30	594.88	129.19
176.73	336.54	129.20
44.44	568.20	129.20
47.64	563.77	129.22
173.73	305.36	129.23
50.84	559.34	129.23
123.28	465.79	129.25
54.03	554.90	129.25
57.23	550.47	129.27
176.94	381.01	129.27
173.91	314.32	129.28
60.42	546.04	129.29
277.50	567.81	129.30
63.62	541.60	129.31
126.56	461.39	129.31
66.81	537.17	129.32
170.63	399.04	129.34
70.01	532.73	129.34
73.21	528.30	129.36
129.84	456.99	129.37
76.40	523.87	129.39
79.61	519.43	129.41
133.12	452.59	129.43
82.81	515.00	129.43
261.45	581.46	129.45
86.03	510.58	129.46
136.39	448.19	129.49
167.76	403.63	129.49
299.04	545.70	129.51
173.90	323.18	129.53
295.83	550.14	129.55
88.77	506.22	129.55
173.79	349.91	129.61
139.16	443.85	129.62
177.03	363.28	129.62
177.03	372.17	129.63
292.54	554.55	129.64
164.64	407.78	129.68
91.61	501.33	129.70
255.05	590.27	129.70
16.02	599.33	129.72
174.02	385.52	129.73
274.11	572.37	129.73
94.76	496.87	129.75
19.17	594.88	129.75
258.09	585.83	129.76
174.09	332.10	129.78
22.32	590.42	129.79
142.00	438.95	129.81
97.90	492.41	129.81
170.35	300.90	129.83
25.46	585.96	129.83
170.34	309.82	129.86
28.61	581.51	129.87
174.10	340.99	129.87
101.05	487.95	129.88
145.15	434.49	129.88
31.76	577.05	129.91
160.89	412.22	129.91
148.29	430.04	129.94
104.20	483.49	129.95
34.91	572.59	129.95
157.74	416.67	129.97
151.44	425.58	129.98
38.06	568.14	129.98
154.59	421.12	129.99
107.35	479.03	130.02
41.21	563.68	130.02
44.35	559.22	130.06
290.11	559.36	130.08
47.50	554.77	130.10
110.49	474.57	130.10
170.33	318.74	130.11
50.65	550.31	130.13
53.80	545.85	130.17
113.64	470.11	130.18
56.95	541.40	130.21
60.09	536.94	130.25
116.79	465.65	130.27
170.31	389.95	130.29
63.24	532.48	130.29
66.39	528.02	130.33
167.18	305.37	130.35
286.98	563.85	130.35
119.93	461.19	130.37
69.54	523.57	130.38
9.70	599.30	130.42
72.69	519.11	130.42
271.22	577.25	130.44
173.43	376.60	130.46
123.08	456.73	130.46
12.85	594.85	130.46
75.83	514.65	130.47
173.41	358.86	130.50
16.00	590.39	130.51
170.30	327.67	130.51
78.98	510.19	130.52
167.16	314.29	130.55
19.14	585.93	130.56
126.22	452.27	130.56
82.13	505.73	130.57
22.29	581.47	130.60
167.14	394.38	130.61
85.28	501.27	130.63
25.44	577.02	130.65
129.37	447.81	130.66
88.42	496.82	130.69
28.59	572.56	130.70
283.84	568.35	130.70
31.74	568.10	130.75
91.57	492.36	130.75
173.40	367.72	130.76
132.51	443.34	130.76
34.88	563.64	130.80
94.72	487.90	130.82
164.01	300.91	130.83
38.03	559.19	130.84
170.71	345.42	130.85
163.98	398.81	130.85
135.66	438.88	130.86
170.93	353.47	130.86
255.55	599.38	130.87
268.13	581.07	130.88
41.18	554.73	130.89
97.87	483.44	130.89
155.23	413.13	130.90
152.09	417.59	130.91
170.74	381.00	130.91
170.24	336.57	130.94
44.33	550.27	130.94
138.80	434.42	130.95
280.73	572.12	130.96
298.88	553.93	130.96
164.00	309.84	130.96
167.13	323.23	130.96
101.01	478.98	130.97
47.47	545.81	130.99
111.18	466.62	131.00
160.83	403.25	131.01
141.95	429.96	131.03
63.94	524.55	131.04
50.62	541.35	131.04
104.16	474.52	131.06
148.21	421.75	131.06
295.68	558.33	131.08
114.36	462.21	131.08
67.11	520.12	131.08
53.77	536.90	131.09
13.56	586.95	131.10
145.09	425.50	131.10
157.68	407.69	131.11
3.38	599.27	131.12
60.04	528.69	131.12
70.27	515.69	131.13
164.74	317.71	131.14
171.76	372.18	131.14
56.92	532.44	131.14
107.30	470.05	131.14
16.73	582.52	131.14
9.66	591.07	131.16
6.53	594.81	131.17
117.54	457.80	131.17
276.73	576.14	131.17
73.44	511.26	131.18
167.91	386.58	131.18
19.90	578.09	131.19
76.61	506.83	131.23
171.83	363.27	131.24
23.07	573.66	131.24
292.47	562.71	131.26
167.92	331.00	131.26
120.72	453.39	131.26
264.10	585.02	131.27
161.38	305.39	131.28
79.78	502.41	131.29
26.23	569.23	131.29
29.40	564.80	131.34
82.95	497.98	131.34
123.90	448.98	131.35
257.07	594.88	131.38
162.48	314.27	131.38
85.33	494.66	131.39
32.57	560.37	131.39
165.65	390.00	131.41
290.07	565.94	131.42
126.28	445.69	131.42
34.93	557.06	131.43
168.82	349.91	131.43
87.69	491.36	131.43
37.31	553.74	131.47
128.66	442.39	131.49
90.87	486.93	131.50
274.32	579.22	131.50
159.42	300.91	131.51
40.48	549.31	131.52
168.88	341.00	131.53
165.74	327.63	131.54
169.69	375.53	131.56
94.04	482.51	131.57
43.65	544.88	131.57
163.36	393.40	131.58
131.84	437.98	131.58
9.79	586.09	131.60
160.23	310.86	131.61
287.65	569.15	131.62
46.82	540.45	131.62
60.20	523.74	131.63
97.22	478.10	131.64
12.94	581.63	131.66
2.73	593.92	131.67
163.65	323.09	131.67
148.41	416.85	131.67
135.02	433.57	131.67
49.98	536.02	131.67
151.56	412.40	131.68
63.35	519.28	131.69
100.39	473.68	131.71
16.09	577.18	131.72
5.90	589.50	131.72
53.15	531.59	131.73
261.67	588.03	131.73
170.00	358.73	131.73
107.47	465.14	131.73
110.60	461.39	131.75
66.49	514.83	131.75
154.22	407.98	131.75
160.27	397.95	131.75
138.20	429.15	131.75
19.24	572.72	131.78
56.32	527.16	131.78
167.35	381.16	131.79
103.57	469.26	131.79
69.64	510.37	131.81
170.00	367.75	131.81
157.84	305.34	131.82
141.38	424.73	131.82
22.39	568.26	131.84
113.74	456.93	131.85
157.15	402.46	131.86
161.00	318.67	131.87
72.79	505.91	131.87
144.55	420.31	131.88
271.83	582.37	131.88
25.53	563.81	131.90
259.17	591.42	131.91
166.87	336.46	131.91
284.40	573.46	131.92
75.94	501.46	131.94
116.89	452.47	131.96
28.68	559.35	131.96
280.55	576.90	132.00
79.09	497.00	132.01
31.83	554.89	132.02
299.43	559.12	132.03
120.04	448.01	132.06
82.23	492.54	132.08
258.88	599.37	132.08
34.98	550.44	132.09
38.13	545.98	132.15
85.38	488.08	132.15
157.84	314.23	132.16
123.18	443.55	132.18
267.95	585.77	132.18
154.68	300.90	132.19
164.16	385.61	132.19
296.29	563.59	132.21
41.28	541.52	132.21
88.53	483.62	132.23
164.16	332.03	132.27
44.42	537.07	132.28
126.33	439.08	132.29
3.47	586.06	132.30
91.68	479.17	132.31
47.57	532.61	132.34
6.62	581.60	132.37
94.82	474.71	132.39
129.47	434.62	132.40
50.72	528.15	132.41
9.77	577.14	132.44
154.67	309.79	132.44
293.16	568.06	132.45
167.31	372.21	132.45
53.87	523.69	132.48
160.99	390.06	132.48
97.97	470.25	132.48
277.42	581.41	132.50
132.62	430.16	132.50
12.92	572.68	132.50
57.02	519.24	132.55
166.78	345.43	132.55
160.98	327.58	132.56
16.06	568.23	132.57
101.12	465.79	132.58
135.77	425.70	132.60
60.16	514.78	132.62
19.21	563.77	132.64
157.83	394.51	132.67
104.26	461.33	132.68
63.31	510.32	132.68
138.91	421.24	132.70
22.36	559.31	132.71
290.03	572.54	132.74
151.51	305.35	132.75
66.46	505.86	132.76
157.81	323.14	132.77
142.06	416.78	132.77
107.41	456.87	132.78
25.51	554.85	132.79
154.67	398.96	132.79
69.61	501.40	132.83
145.21	412.32	132.83
151.51	403.41	132.85
148.36	407.86	132.86
28.66	550.40	132.86
110.55	452.41	132.89
72.76	496.95	132.90
31.80	545.94	132.93
154.65	318.70	132.95
75.90	492.49	132.97
166.86	363.28	133.00
113.70	447.94	133.00
34.95	541.48	133.00
166.81	354.01	133.04
79.05	488.03	133.05
148.34	300.90	133.07
38.10	537.02	133.08
82.20	483.57	133.13
264.78	590.29	133.15
3.45	577.11	133.15
151.49	314.26	133.15
41.25	532.57	133.16
274.61	586.38	133.17
287.15	577.40	133.19
116.53	443.03	133.22
6.60	572.65	133.22
163.46	376.29	133.23
262.05	592.83	133.30
163.75	341.17	133.34
84.62	478.78	133.35
43.63	527.76	133.37
119.33	438.73	133.37
261.56	594.85	133.39
9.03	567.87	133.41
87.92	474.39	133.41
46.93	523.37	133.42
122.68	434.35	133.45
12.35	563.49	133.46
147.85	310.09	133.47
50.23	518.98	133.47
91.22	470.00	133.47
160.69	380.96	133.49
15.66	559.11	133.52
53.52	514.59	133.52
126.02	429.98	133.53
283.78	581.93	133.53
94.53	465.62	133.54
18.98	554.73	133.57
56.82	510.20	133.57
160.76	336.39	133.61
98.07	460.94	133.61
129.55	425.34	133.61
22.40	550.20	133.62
265.19	599.12	133.62
60.19	505.69	133.63
271.24	590.64	133.63
145.24	305.39	133.65
157.94	385.42	133.67
299.61	567.93	133.67
101.17	456.85	133.67
25.61	545.96	133.68
132.67	421.22	133.68
63.39	501.41	133.68
164.19	367.69	133.68
157.87	332.04	133.69
154.81	327.54	133.72
66.68	497.01	133.73
28.92	541.57	133.73
104.50	452.47	133.74
135.98	416.83	133.75
151.77	323.03	133.76
280.28	585.88	133.78
69.96	492.61	133.78
32.23	537.18	133.79
154.91	390.13	133.79
139.25	412.43	133.81
296.03	572.50	133.82
107.84	448.10	133.82
148.82	318.46	133.82
0.92	572.90	133.83
73.25	488.22	133.84
35.53	532.80	133.84
142.49	408.02	133.85
151.90	394.65	133.86
145.68	403.59	133.88
148.82	399.13	133.89
76.54	483.82	133.89
111.18	443.72	133.90
142.48	300.91	133.90
267.53	594.68	133.91
3.73	568.59	133.94
38.36	528.47	133.96
292.53	576.84	133.98
145.77	314.28	133.99
164.65	358.76	133.99
79.32	479.49	134.01
164.45	349.66	134.10
6.57	563.70	134.10
41.22	523.60	134.12
113.66	438.96	134.15
161.35	372.15	134.15
9.72	559.24	134.18
82.16	474.60	134.19
277.48	590.48	134.19
44.36	519.14	134.21
116.80	434.50	134.27
12.87	554.78	134.27
85.31	470.14	134.28
47.51	514.69	134.30
142.00	309.83	134.30
271.18	599.36	134.33
16.01	550.32	134.36
88.45	465.68	134.37
50.66	510.23	134.38
119.95	430.04	134.39
290.10	581.60	134.41
274.33	594.93	134.42
19.16	545.86	134.45
53.80	505.77	134.47
91.60	461.22	134.47
123.10	425.58	134.52
22.31	541.40	134.54
56.95	501.31	134.55
94.75	456.76	134.58
138.84	305.38	134.59
25.45	536.94	134.63
126.24	421.11	134.64
60.10	496.85	134.64
157.71	376.58	134.65
97.89	452.30	134.68
286.95	586.07	134.68
145.14	323.22	134.71
63.24	492.39	134.72
148.29	327.69	134.72
28.60	532.48	134.73
129.39	416.65	134.76
101.04	447.83	134.79
141.99	318.76	134.79
66.39	487.93	134.81
31.75	528.02	134.82
151.43	332.17	134.84
132.53	412.19	134.87
69.54	483.47	134.89
154.56	381.02	134.89
3.40	559.20	134.90
104.18	443.37	134.91
283.80	590.53	134.91
34.89	523.56	134.92
135.67	300.93	134.93
138.83	314.30	134.97
135.68	407.73	134.98
72.68	479.01	134.98
6.55	554.74	135.00
38.04	519.10	135.01
277.50	599.39	135.01
107.33	438.91	135.03
154.56	336.66	135.03
160.80	345.57	135.04
151.40	385.46	135.05
280.66	594.97	135.05
75.83	474.55	135.06
138.82	403.27	135.06
9.69	550.28	135.09
41.19	514.64	135.11
160.80	363.20	135.11
141.96	398.81	135.13
148.26	389.91	135.13
110.48	434.45	135.15
78.98	470.09	135.15
145.11	394.36	135.16
157.68	341.15	135.18
12.84	545.82	135.19
44.33	510.18	135.20
135.66	309.85	135.24
82.12	465.63	135.24
299.59	577.21	135.25
113.62	429.99	135.27
15.99	541.36	135.29
47.48	505.72	135.30
85.27	461.17	135.34
19.13	536.90	135.39
50.62	501.26	135.39
116.77	425.52	135.40
296.44	581.68	135.42
88.42	456.71	135.44
158.15	367.59	135.46
141.98	327.71	135.47
53.77	496.80	135.48
138.82	323.24	135.49
22.28	532.44	135.49
29.30	524.55	135.50
293.31	585.43	135.50
289.40	589.53	135.50
0.96	555.75	135.52
119.91	421.06	135.52
145.11	331.50	135.53
63.96	484.48	135.53
98.61	444.39	135.53
126.96	413.21	135.54
91.56	452.25	135.54
155.29	373.16	135.56
123.04	417.31	135.57
94.69	448.50	135.57
56.92	492.34	135.57
132.50	305.39	135.58
60.04	488.60	135.58
161.32	354.30	135.59
32.48	520.14	135.59
25.42	527.98	135.59
283.08	598.37	135.60
67.13	480.06	135.61
286.22	593.93	135.61
4.14	551.34	135.61
135.66	318.77	135.63
101.79	439.98	135.64
130.15	408.81	135.65
149.07	335.56	135.66
35.66	515.73	135.68
70.31	475.65	135.68
7.32	546.93	135.71
130.90	300.91	135.72
133.29	313.19	135.73
152.21	377.70	135.74
104.98	435.58	135.74
133.33	404.40	135.75
73.49	471.23	135.76
38.84	511.32	135.77
10.51	542.52	135.80
75.88	467.91	135.82
107.38	432.28	135.82
136.51	399.99	135.83
41.23	508.02	135.84
149.88	381.09	135.84
12.88	539.23	135.87
78.24	464.63	135.88
138.88	396.70	135.89
147.56	384.44	135.90
151.47	338.73	135.91
109.75	429.01	135.91
43.60	504.73	135.91
141.26	393.37	135.93
138.11	328.71	135.94
144.42	388.92	135.94
15.27	535.93	135.94
131.06	309.82	135.95
81.42	460.22	135.97
159.43	358.81	135.98
135.00	324.24	135.99
46.78	500.32	136.00
112.94	424.61	136.02
18.45	531.53	136.04
141.28	333.09	136.04
84.60	455.81	136.05
49.96	495.91	136.08
159.51	349.91	136.09
132.14	318.67	136.11
25.56	523.02	136.11
60.20	483.65	136.12
293.15	590.33	136.12
94.84	443.57	136.13
116.13	420.21	136.13
21.63	527.12	136.14
28.69	519.28	136.14
286.85	599.29	136.14
87.78	451.40	136.14
145.21	336.41	136.15
123.19	412.39	136.15
129.01	305.33	136.16
53.14	491.50	136.17
153.92	341.92	136.17
290.00	594.81	136.18
63.34	479.19	136.21
3.49	546.00	136.23
90.97	446.99	136.24
97.99	439.10	136.24
119.32	415.81	136.25
56.32	487.08	136.25
31.84	514.82	136.25
154.73	367.82	136.26
297.02	586.90	136.26
126.34	407.92	136.28
157.16	362.34	136.29
66.49	474.73	136.30
129.49	314.24	136.34
6.63	541.54	136.34
135.76	332.04	136.35
101.13	434.64	136.36
34.99	510.36	136.36
157.17	346.31	136.37
69.64	470.27	136.38
129.48	403.46	136.40
132.62	327.60	136.41
151.56	372.26	136.44
9.78	537.08	136.45
38.13	505.90	136.46
72.78	465.81	136.47
104.28	430.18	136.48
138.89	336.47	136.49
132.63	399.00	136.52
126.35	300.89	136.54
12.93	532.62	136.56
75.93	461.35	136.56
41.28	501.44	136.57
148.39	376.71	136.58
107.42	425.72	136.60
129.47	323.16	136.62
135.78	394.54	136.62
148.35	340.86	136.65
79.08	456.90	136.66
16.07	528.16	136.67
44.43	496.98	136.67
145.24	381.16	136.68
138.93	390.08	136.69
142.08	385.62	136.72
110.57	421.26	136.72
126.33	309.80	136.72
123.15	349.94	136.73
132.59	336.52	136.74
82.22	452.44	136.75
129.41	349.91	136.75
47.57	492.52	136.78
19.22	523.70	136.79
113.72	416.80	136.85
129.45	332.08	136.85
85.37	447.98	136.85
126.29	345.48	136.85
135.72	340.96	136.86
126.27	354.29	136.87
50.72	488.06	136.87
157.89	354.39	136.89
129.43	341.00	136.90
142.03	340.92	136.90
22.37	519.24	136.90
132.56	345.45	136.91
126.32	318.71	136.94
88.52	443.51	136.95
53.87	483.60	136.96
116.86	412.33	136.97
25.51	514.78	137.02
293.18	599.32	137.02
57.01	479.14	137.05
91.66	439.05	137.06
299.48	590.39	137.08
296.33	594.85	137.09
120.01	407.87	137.10
126.31	327.63	137.11
126.30	336.55	137.13
28.66	510.32	137.13
60.16	474.68	137.14
3.46	537.04	137.17
94.81	434.59	137.17
120.01	354.31	137.17
123.17	305.35	137.19
132.56	354.31	137.20
123.15	403.41	137.22
63.31	470.23	137.22
31.81	505.86	137.25
135.70	349.89	137.25
123.15	341.02	137.28
97.95	430.13	137.28
6.61	532.58	137.29
66.46	465.77	137.31
138.86	345.41	137.31
151.50	345.36	137.33
154.67	358.86	137.34
126.30	398.95	137.35
123.16	314.26	137.35
34.95	501.40	137.36
120.00	345.48	137.37
151.50	363.31	137.40
69.60	461.31	137.40
101.10	425.67	137.40
9.75	528.12	137.40
148.35	367.75	137.42
129.45	394.49	137.47
38.10	496.94	137.48
72.75	456.85	137.48
123.15	323.18	137.48
123.14	332.09	137.51
104.25	421.21	137.51
145.20	372.20	137.52
12.90	523.66	137.52
75.90	452.39	137.57
41.25	492.48	137.59
132.59	390.03	137.59
145.17	345.41	137.60
107.39	416.75	137.63
16.05	519.20	137.64
129.42	358.78	137.68
141.43	376.65	137.74
116.47	349.91	137.75
78.74	447.50	137.75
122.87	359.15	137.76
135.45	385.16	137.77
119.65	300.91	137.82
43.64	487.68	137.82
138.21	380.78	137.84
109.85	411.99	137.86
81.56	443.19	137.87
18.53	514.46	137.87
46.97	483.30	137.89
119.41	336.19	137.91
84.89	438.81	137.94
113.22	407.62	137.94
119.39	309.78	137.94
50.29	478.92	137.95
21.93	510.10	137.96
119.58	318.70	138.00
88.23	434.44	138.00
53.60	474.53	138.01
299.70	599.45	138.01
116.60	403.26	138.02
154.49	349.95	138.02
119.63	327.65	138.02
25.33	505.75	138.04
135.89	359.14	138.04
139.13	354.30	138.05
57.14	469.83	138.07
91.70	429.92	138.07
119.98	398.91	138.09
116.85	340.99	138.09
145.21	363.29	138.10
3.38	528.25	138.11
28.54	501.63	138.12
60.21	465.76	138.12
141.99	349.80	138.12
94.94	425.70	138.14
142.20	367.82	138.14
123.37	394.55	138.17
63.51	461.37	138.17
148.68	358.97	138.19
6.90	523.76	138.19
32.11	497.04	138.20
98.30	421.33	138.21
66.82	456.98	138.23
126.78	390.20	138.25
117.22	358.67	138.26
10.31	519.41	138.28
148.31	349.36	138.28
35.48	492.68	138.28
70.13	452.59	138.29
101.67	416.97	138.29
117.33	305.01	138.29
139.44	372.49	138.30
152.02	354.63	138.31
117.22	332.09	138.34
142.03	358.81	138.34
130.17	385.85	138.34
73.45	448.21	138.34
114.24	345.80	138.35
138.87	363.27	138.36
126.27	362.64	138.37
117.21	314.27	138.38
132.28	362.86	138.39
114.19	354.04	138.39
117.29	323.18	138.40
104.52	412.67	138.41
38.35	488.37	138.42
13.18	515.13	138.42
145.18	354.36	138.52
75.86	443.42	138.56
132.57	381.07	138.59
135.71	376.62	138.59
107.36	407.79	138.60
41.22	483.51	138.60
16.02	510.24	138.63
79.01	438.97	138.65
110.51	403.33	138.69
44.36	479.05	138.69
119.97	363.31	138.70
82.16	434.51	138.74
135.72	367.74	138.74
19.16	505.78	138.76
47.51	474.59	138.78
113.66	398.87	138.79
113.64	336.53	138.81
85.31	430.05	138.83
50.66	470.14	138.86
116.81	394.42	138.87
22.31	501.31	138.89
88.45	425.59	138.93
53.80	465.68	138.94
119.96	389.96	138.96
113.64	327.63	139.00
25.46	496.85	139.02
113.63	309.82	139.02
91.60	421.13	139.02
56.95	461.22	139.03
113.63	300.90	139.03
113.63	318.72	139.04
123.11	385.50	139.06
110.48	349.91	139.07
3.41	519.12	139.08
60.10	456.76	139.11
94.75	416.67	139.12
28.60	492.39	139.15
63.25	452.30	139.19
126.26	381.04	139.20
6.55	514.66	139.21
97.90	412.21	139.22
66.39	447.84	139.26
110.47	340.98	139.27
31.75	487.93	139.28
123.13	367.79	139.29
101.04	407.75	139.31
69.54	443.38	139.34
9.70	510.20	139.35
113.64	363.33	139.35
129.43	367.79	139.36
132.55	372.17	139.37
104.19	403.30	139.39
129.41	376.58	139.41
34.89	483.47	139.41
72.69	438.93	139.42
110.47	358.87	139.43
107.34	398.84	139.46
12.84	505.74	139.48
116.80	367.79	139.49
110.46	332.08	139.50
75.84	434.47	139.50
38.04	479.01	139.51
110.49	394.39	139.52
113.64	389.94	139.55
116.80	385.50	139.57
78.99	430.01	139.59
41.19	474.55	139.59
119.95	381.05	139.59
110.46	323.17	139.61
15.99	501.27	139.62
110.45	314.27	139.63
123.12	376.61	139.66
110.45	305.36	139.66
44.33	470.09	139.67
82.13	425.55	139.67
119.97	372.21	139.69
107.32	354.39	139.71
47.48	465.63	139.75
19.14	496.81	139.75
85.28	421.09	139.76
128.88	371.23	139.80
50.63	461.18	139.82
107.28	345.43	139.83
88.43	416.64	139.84
126.30	372.18	139.87
22.28	492.35	139.89
116.80	376.63	139.90
53.77	456.72	139.90
91.58	412.18	139.93
107.78	336.52	139.94
56.92	452.26	139.98
7.27	506.75	139.99
67.11	439.94	140.00
94.73	407.72	140.01
104.91	395.41	140.01
113.64	372.22	140.02
25.43	487.89	140.02
113.64	381.06	140.04
3.38	510.16	140.05
60.07	447.80	140.05
63.20	444.06	140.05
110.97	367.80	140.06
70.28	435.52	140.06
107.81	327.62	140.07
97.87	403.27	140.08
28.55	484.15	140.09
107.83	389.90	140.12
10.46	502.36	140.12
32.50	480.07	140.12
108.08	362.23	140.12
110.48	385.49	140.13
107.82	318.72	140.13
73.46	431.10	140.13
101.02	398.82	140.14
104.92	350.97	140.14
107.82	309.81	140.16
108.07	302.01	140.17
35.67	475.66	140.17
76.63	426.68	140.20
38.84	471.24	140.23
13.66	497.97	140.24
112.05	376.63	140.25
79.81	422.26	140.27
105.77	341.00	140.28
41.23	467.91	140.28
105.79	358.81	140.31
82.18	418.95	140.32
43.59	464.63	140.34
16.03	494.70	140.34
84.55	415.65	140.37
31.61	478.60	140.40
105.86	332.09	140.40
46.77	460.21	140.41
109.79	379.99	140.41
109.80	373.27	140.43
18.43	491.41	140.43
87.73	411.23	140.44
104.28	390.07	140.47
105.91	323.18	140.47
49.94	455.79	140.48
90.90	406.80	140.51
105.94	314.27	140.51
101.15	393.81	140.53
107.45	367.68	140.54
63.34	439.10	140.54
53.12	451.37	140.54
106.68	384.53	140.55
21.62	487.01	140.56
105.98	305.36	140.56
94.08	402.38	140.57
3.51	505.20	140.57
103.58	355.40	140.59
56.29	446.94	140.61
66.49	434.64	140.61
97.24	397.94	140.61
6.64	501.46	140.64
103.83	345.48	140.65
28.69	479.20	140.65
59.46	442.52	140.67
104.33	336.55	140.67
69.63	430.18	140.67
24.81	482.62	140.68
107.43	376.64	140.70
72.78	425.72	140.74
31.84	474.73	140.74
104.32	327.64	140.76
9.78	497.00	140.78
75.93	421.26	140.80
34.99	470.27	140.81
104.31	318.73	140.81
104.31	309.82	140.86
79.08	416.80	140.87
38.13	465.81	140.88
104.31	363.23	140.90
12.93	492.54	140.92
82.22	412.34	140.94
104.27	381.12	140.95
41.28	461.35	140.96
104.31	300.92	140.96
85.37	407.88	141.00
44.43	456.89	141.04
16.07	488.08	141.06
88.52	403.42	141.07
101.12	385.58	141.09
104.28	372.18	141.10
47.58	452.43	141.11
91.67	398.97	141.12
97.97	390.05	141.15
94.82	394.51	141.15
50.72	447.97	141.18
19.22	483.61	141.20
53.87	443.52	141.25
57.02	439.06	141.31
22.37	479.15	141.33
101.15	341.00	141.35
60.17	434.60	141.37
101.18	349.89	141.37
101.14	332.09	141.38
63.31	430.14	141.42
101.13	323.18	141.42
25.51	474.69	141.46
3.46	496.96	141.47
101.13	314.27	141.47
66.46	425.68	141.47
101.11	376.65	141.47
101.15	358.81	141.52
69.61	421.22	141.52
101.13	305.37	141.56
28.66	470.23	141.56
72.76	416.77	141.57
101.12	367.72	141.59
6.61	492.50	141.62
75.90	412.31	141.63
31.81	465.77	141.65
79.05	407.85	141.68
97.95	381.11	141.69
34.96	461.31	141.73
82.20	403.39	141.73
9.76	488.04	141.76
85.35	398.94	141.79
94.80	385.57	141.80
38.10	456.85	141.81
88.50	394.48	141.82
91.65	390.02	141.84
41.25	452.39	141.89
12.90	483.58	141.90
44.40	447.93	141.96
47.55	443.48	142.02
16.05	479.11	142.04
97.95	372.19	142.05
50.70	439.02	142.08
53.84	434.56	142.13
97.48	327.63	142.15
97.52	336.54	142.16
97.50	318.73	142.18
97.57	309.82	142.23
18.90	474.24	142.24
97.47	345.75	142.29
56.23	429.75	142.30
59.45	425.32	142.32
62.66	420.90	142.35
97.51	362.99	142.35
65.86	416.47	142.37
21.78	469.95	142.37
69.07	412.04	142.39
97.41	300.97	142.40
94.35	376.40	142.40
72.28	407.61	142.41
25.15	465.59	142.44
75.51	403.20	142.44
78.76	398.79	142.47
3.22	487.91	142.48
91.46	381.00	142.49
82.01	394.38	142.50
28.50	461.21	142.50
85.25	389.96	142.52
88.41	385.51	142.53
97.89	354.36	142.53
31.70	457.00	142.56
6.53	483.77	142.57
35.14	452.45	142.61
95.12	323.17	142.64
95.14	332.10	142.65
95.24	367.61	142.65
38.43	448.06	142.66
10.13	479.24	142.67
95.23	314.24	142.67
41.71	443.66	142.71
95.31	341.05	142.71
44.98	439.26	142.74
13.56	474.91	142.76
95.26	305.69	142.76
48.23	434.85	142.78
50.98	430.50	142.85
92.24	372.17	142.93
95.23	358.81	142.96
53.82	425.61	142.96
95.21	349.91	142.97
56.97	421.16	142.98
16.02	470.15	142.99
60.12	416.70	143.00
63.27	412.25	143.01
66.42	407.80	143.02
69.57	403.34	143.04
72.72	398.89	143.06
75.87	394.43	143.10
19.17	465.69	143.10
79.01	389.97	143.14
88.46	376.61	143.17
82.16	385.52	143.19
85.31	381.06	143.20
22.31	461.23	143.21
25.46	456.77	143.31
91.59	327.63	143.35
91.59	318.72	143.37
28.61	452.32	143.40
3.41	479.04	143.41
91.58	336.55	143.44
91.58	309.81	143.46
31.75	447.86	143.48
91.58	363.25	143.52
6.56	474.58	143.55
34.90	443.40	143.55
91.57	300.90	143.61
38.05	438.94	143.61
91.57	345.47	143.65
41.20	434.49	143.66
9.70	470.12	143.68
66.40	398.86	143.69
44.35	430.03	143.70
63.25	403.32	143.70
69.55	394.41	143.70
60.10	407.77	143.71
47.50	425.58	143.72
56.95	412.22	143.72
91.58	354.36	143.73
50.65	421.13	143.73
53.80	416.67	143.73
72.70	389.95	143.73
75.85	385.49	143.79
12.85	465.66	143.81
88.43	367.68	143.81
79.00	381.03	143.85
82.14	376.57	143.91
85.28	372.12	143.92
16.00	461.20	143.92
88.41	323.18	143.99
88.41	332.10	144.02
19.14	456.74	144.03
88.40	314.26	144.05
22.29	452.28	144.13
88.39	305.35	144.17
88.39	341.02	144.20
25.43	447.82	144.22
66.39	389.94	144.30
28.58	443.36	144.30
63.24	394.39	144.31
88.86	349.91	144.31
69.54	385.48	144.33
60.08	398.85	144.34
88.38	358.79	144.34
3.39	470.08	144.36
31.73	438.91	144.37
56.93	403.30	144.38
72.69	381.02	144.40
34.88	434.45	144.43
53.78	407.75	144.43
10.41	462.20	144.43
50.62	412.19	144.47
38.02	430.00	144.47
86.00	364.25	144.47
79.72	373.13	144.47
47.47	416.64	144.49
41.17	425.54	144.49
6.53	465.62	144.49
44.32	421.09	144.50
85.75	327.64	144.51
75.84	376.55	144.51
82.88	368.71	144.53
85.76	318.71	144.53
13.60	457.80	144.54
86.78	300.91	144.59
85.77	336.57	144.61
85.78	309.79	144.63
16.78	453.40	144.64
86.83	345.45	144.66
64.05	386.63	144.71
19.96	448.99	144.73
67.21	382.18	144.73
60.90	391.10	144.73
86.89	354.36	144.75
58.56	394.45	144.77
69.58	378.88	144.79
22.33	445.70	144.79
56.22	397.81	144.82
24.72	442.39	144.85
83.83	323.18	144.88
71.97	375.59	144.88
53.09	402.30	144.89
83.84	332.09	144.89
27.89	437.96	144.92
83.88	314.27	144.95
49.96	406.78	144.95
84.65	304.28	144.96
75.94	371.54	144.96
84.64	342.06	144.97
31.06	433.53	144.97
2.71	464.73	144.99
46.83	411.26	145.00
6.66	460.65	145.00
34.23	429.10	145.01
43.69	415.74	145.03
37.39	424.65	145.04
40.54	420.20	145.04
9.79	456.91	145.05
79.08	367.82	145.05
63.31	381.14	145.08
60.17	385.59	145.10
84.93	358.92	145.12
85.44	349.87	145.12
66.46	376.69	145.13
82.24	363.37	145.14
82.26	327.63	145.16
12.93	452.45	145.16
57.03	390.04	145.17
82.27	318.73	145.21
82.26	336.53	145.25
53.88	394.50	145.27
16.08	447.99	145.27
69.60	372.25	145.29
82.26	309.83	145.34
19.23	443.53	145.37
50.73	398.95	145.37
22.38	439.07	145.46
47.58	403.41	145.47
60.15	376.66	145.50
82.26	300.92	145.51
25.53	434.61	145.53
82.24	345.42	145.53
72.75	367.80	145.55
63.29	372.22	145.55
44.43	407.87	145.55
57.01	381.11	145.56
28.68	430.15	145.59
41.28	412.32	145.61
31.82	425.70	145.63
38.12	416.78	145.64
34.97	421.24	145.65
53.86	385.57	145.69
3.47	456.88	145.73
79.08	332.09	145.74
66.44	367.77	145.76
79.09	323.18	145.77
57.00	372.19	145.81
75.90	363.33	145.82
60.13	367.74	145.83
50.71	390.02	145.85
6.61	452.42	145.86
79.07	340.98	145.87
79.08	314.28	145.89
56.98	363.28	145.94
53.85	376.64	145.95
53.83	358.82	145.95
9.76	447.96	145.98
79.05	358.86	146.01
53.84	367.72	146.01
47.56	394.48	146.01
82.21	354.36	146.02
79.08	305.37	146.06
63.27	363.30	146.07
12.91	443.50	146.09
69.58	363.32	146.13
50.70	363.26	146.15
44.41	398.93	146.16
50.70	381.10	146.17
60.12	358.83	146.17
16.06	439.04	146.19
79.05	349.89	146.22
75.91	336.54	146.27
50.70	372.18	146.28
19.20	434.58	146.28
41.26	403.38	146.28
75.91	327.64	146.29
50.69	354.42	146.33
56.98	354.40	146.33
22.35	430.12	146.36
38.10	407.84	146.37
47.55	385.55	146.41
25.50	425.66	146.41
75.90	345.44	146.43
34.95	412.29	146.43
28.65	421.20	146.45
31.80	416.75	146.45
72.74	358.84	146.52
75.30	318.73	146.54
46.99	358.82	146.55
75.89	354.37	146.58
66.43	358.84	146.58
47.00	367.72	146.67
75.50	309.82	146.68
46.99	376.63	146.69
43.89	390.00	146.72
63.27	354.37	146.74
72.17	341.00	146.76
2.70	447.61	146.78
72.73	349.90	146.83
72.24	331.77	146.84
6.13	443.26	146.86
75.45	300.97	146.88
40.96	394.30	146.90
9.54	438.91	146.94
72.54	323.21	146.95
60.47	349.79	146.97
44.29	381.11	146.98
69.54	345.46	146.99
12.85	434.64	147.01
44.44	363.27	147.01
38.20	398.82	147.01
53.97	349.96	147.02
69.55	354.41	147.02
66.71	350.10	147.03
44.62	372.18	147.05
69.99	336.47	147.07
73.01	314.22	147.07
16.26	430.18	147.07
35.21	403.50	147.10
19.56	425.79	147.12
32.21	408.02	147.15
22.81	421.39	147.16
29.14	412.51	147.18
26.00	416.96	147.18
41.79	385.87	147.19
73.23	305.69	147.22
70.00	327.63	147.28
63.28	345.44	147.29
66.42	340.99	147.32
44.94	354.62	147.34
41.21	376.63	147.56
38.06	389.98	147.57
56.97	345.41	147.58
47.82	350.28	147.58
3.42	438.96	147.60
69.55	318.72	147.61
41.20	367.72	147.65
66.41	332.07	147.68
6.56	434.50	147.72
41.19	358.79	147.79
34.90	394.42	147.79
9.71	430.04	147.84
60.11	340.96	147.85
69.54	309.80	147.86
63.26	336.52	147.86
12.86	425.58	147.95
31.75	398.87	147.95
38.04	381.07	147.98
16.00	421.12	148.03
66.38	323.16	148.04
28.59	403.31	148.06
69.53	300.89	148.07
19.15	416.67	148.09
25.44	407.76	148.11
22.30	412.21	148.12
50.64	345.34	148.17
38.02	372.17	148.24
34.87	385.51	148.33
66.36	314.25	148.35
63.22	327.60	148.38
37.99	363.25	148.42
53.79	340.89	148.50
3.39	430.00	148.55
60.07	332.03	148.59
31.71	389.94	148.60
66.35	305.34	148.61
56.93	336.46	148.64
6.54	425.54	148.68
41.84	350.76	148.72
38.69	355.24	148.73
34.84	376.60	148.75
28.56	394.38	148.79
9.68	421.08	148.80
63.19	318.69	148.80
45.06	346.37	148.88
12.82	416.62	148.89
25.41	398.82	148.92
32.45	382.10	148.95
35.34	367.68	148.95
15.97	412.17	148.97
60.81	324.20	148.97
22.26	403.27	148.99
19.11	407.71	149.00
36.35	358.81	149.01
63.71	309.77	149.01
64.72	300.91	149.04
48.29	342.02	149.10
1.06	426.69	149.15
58.51	327.63	149.16
30.16	385.54	149.16
50.68	338.78	149.24
33.37	372.18	149.25
3.43	423.43	149.25
61.73	314.27	149.26
56.22	330.98	149.27
53.07	335.47	149.30
27.90	388.91	149.33
5.83	420.14	149.35
62.59	304.27	149.39
34.27	362.20	149.45
9.02	415.74	149.46
59.70	318.79	149.46
31.36	376.71	149.47
24.80	393.45	149.49
12.20	411.32	149.54
21.67	397.96	149.58
15.37	406.89	149.60
18.53	402.44	149.61
57.06	323.23	149.71
60.22	309.84	149.71
28.72	381.15	149.74
38.19	350.06	149.77
31.89	367.77	149.82
41.32	345.61	149.83
35.06	354.48	149.91
60.21	300.92	149.96
53.90	327.70	149.96
44.46	341.13	149.97
3.48	416.81	149.99
25.55	385.60	150.02
47.59	336.64	150.08
50.74	332.17	150.09
6.62	412.34	150.13
57.05	314.30	150.19
22.39	390.05	150.20
9.77	407.88	150.24
19.23	394.51	150.31
12.92	403.42	150.31
16.08	398.96	150.34
28.70	372.22	150.35
57.03	305.37	150.51
53.87	318.75	150.61
31.24	358.85	150.65
24.90	376.66	150.89
50.22	323.19	151.05
53.45	309.82	151.11
3.17	407.45	151.13
28.24	363.05	151.17
21.82	380.82	151.18
6.10	403.16	151.27
47.21	327.47	151.28
18.87	385.39	151.30
9.44	398.78	151.34
53.48	300.95	151.35
15.82	389.90	151.36
12.68	394.36	151.37
44.26	332.03	151.38
41.19	336.52	151.42
37.86	341.28	151.44
34.96	345.46	151.48
50.81	314.23	151.49
25.61	367.66	151.49
31.94	349.98	151.59
51.23	305.72	151.72
22.82	372.45	151.76
48.15	319.08	151.78
29.08	354.61	151.83
3.41	398.86	152.16
19.14	376.59	152.18
6.55	394.40	152.29
44.33	323.14	152.31
15.99	381.04	152.33
9.70	389.94	152.36
12.84	385.49	152.38
47.48	309.80	152.40
25.41	358.76	152.43
41.17	327.57	152.59
47.47	300.90	152.63
38.00	332.00	152.81
22.23	363.19	152.87
44.30	314.23	152.92
34.83	336.43	152.97
31.67	340.87	153.13
16.63	373.04	153.15
28.99	345.26	153.20
19.07	367.62	153.24
26.10	350.83	153.24
13.51	377.53	153.24
44.28	305.34	153.25
10.37	381.99	153.26
41.62	318.64	153.27
3.37	389.87	153.33
6.48	386.12	153.36
42.67	309.82	153.49
38.78	324.23	153.49
23.04	355.42	153.52
42.79	300.91	153.66
36.52	327.63	153.70
20.82	358.81	153.76
40.54	313.18	153.85
34.23	331.04	153.86
6.66	381.22	154.00
40.83	305.39	154.03
18.55	362.30	154.04
31.14	335.60	154.06
12.98	372.31	154.06
9.82	376.76	154.06
15.65	367.90	154.07
38.19	318.79	154.08
2.79	384.66	154.13
25.61	345.58	154.13
28.05	340.14	154.24
22.44	350.00	154.43
35.02	323.24	154.51
38.16	309.84	154.54
38.15	300.91	154.70
19.27	354.43	154.80
31.85	327.69	154.87
3.46	376.69	155.17
34.37	314.28	155.30
28.13	332.13	155.32
6.31	371.80	155.43
15.49	358.54	155.47
34.55	305.36	155.51
9.14	367.48	155.58
25.04	336.32	155.59
12.41	363.06	155.59
22.12	340.89	155.75
31.39	318.88	155.79
19.28	345.37	155.93
32.12	309.77	156.03
32.24	300.93	156.06
28.89	323.32	156.08
16.38	350.09	156.16
0.95	372.43	156.20
26.11	327.96	156.34
13.40	354.33	156.52
3.41	367.67	156.57
6.55	363.20	156.76
28.57	314.25	156.78
22.27	332.03	156.87
9.68	358.74	156.90
28.57	305.36	156.97
19.11	336.47	157.12
15.95	340.91	157.35
25.38	318.68	157.39
12.79	345.36	157.58
25.85	309.80	157.63
25.38	300.93	157.67
22.72	323.06	157.74
7.23	355.29	157.75
9.64	349.81	157.81
3.34	359.40	157.83
19.87	328.65	157.90
23.84	314.27	158.05
17.56	332.09	158.06
23.91	305.36	158.14
15.28	335.44	158.19
12.18	339.97	158.34
3.51	354.47	158.42
21.69	317.71	158.45
6.17	350.04	158.45
9.08	344.49	158.47
21.94	300.85	158.49
22.46	309.82	158.53
19.30	323.27	158.63
16.12	327.72	158.94
12.95	332.16	159.13
9.79	336.61	159.25
19.26	314.29	159.30
19.25	305.34	159.33
6.63	341.06	159.33
3.47	345.50	159.37
15.44	301.24	160.04
15.56	318.45	160.06
12.76	323.12	160.29
15.90	309.81	160.33
9.86	327.50	160.38
3.48	336.56	160.38
6.66	332.12	160.40
13.32	305.37	160.86
13.36	314.26	160.98
9.70	300.95	161.25
3.40	327.56	161.50
9.68	318.66	161.54
6.54	323.10	161.59
9.64	309.84	162.18
3.38	301.02	162.25
6.48	304.77	162.34
4.16	319.72	162.43
7.31	315.31	162.54
2.76	306.26	163.07
6.22	309.72	163.20
3.49	314.37	163.31
5.21	311.08	163.40
