299.57	291.83	104.41
296.45	287.61	104.87
293.26	292.02	105.06
296.36	296.39	105.11
290.09	296.47	105.31
286.94	292.04	105.94
283.79	296.49	105.96
290.08	287.59	106.05
299.56	283.02	106.65
293.04	282.96	106.74
277.41	296.43	106.88
280.54	292.13	106.90
284.00	287.63	106.99
287.15	283.39	107.32
271.12	296.38	107.95
274.27	291.92	107.99
277.41	287.44	108.11
296.39	278.40	108.15
290.04	278.45	108.22
280.56	282.95	108.37
283.69	279.15	108.69
293.22	276.06	108.77
265.56	297.43	108.87
268.72	292.98	108.87
271.89	288.55	108.93
286.91	276.28	108.99
275.10	284.15	109.06
299.52	276.44	109.14
277.47	280.96	109.23
290.09	273.63	109.46
279.92	277.74	109.48
296.32	273.67	109.58
283.80	274.36	109.72
264.95	292.11	109.74
261.80	296.56	109.75
268.09	287.66	109.79
271.23	283.21	109.91
274.37	278.74	110.14
293.21	269.84	110.38
286.93	269.82	110.47
277.50	274.26	110.50
279.96	269.53	111.11
261.40	287.40	111.17
258.27	291.86	111.18
264.60	282.98	111.21
255.19	296.35	111.22
268.14	278.28	111.30
290.13	265.24	111.34
271.33	274.24	111.44
296.44	265.60	111.48
283.68	265.70	111.52
274.52	270.00	111.71
277.44	265.19	112.20
293.22	260.74	112.21
286.91	260.74	112.25
258.51	283.01	112.44
255.36	287.46	112.45
261.66	278.54	112.49
252.20	291.92	112.52
264.81	274.08	112.61
299.55	260.72	112.62
249.04	296.37	112.64
280.59	260.70	112.67
267.96	269.60	112.80
290.06	256.24	112.91
296.39	256.25	113.02
271.11	265.13	113.05
283.74	256.22	113.17
274.23	261.38	113.25
293.22	252.54	113.43
256.15	279.67	113.44
278.23	257.36	113.44
253.01	284.14	113.46
287.70	252.90	113.46
259.32	275.23	113.48
299.52	254.03	113.48
249.87	288.63	113.51
261.72	271.90	113.53
247.54	292.00	113.59
264.08	268.64	113.62
245.23	295.37	113.69
297.14	250.89	113.70
280.62	254.25	113.70
267.28	264.27	113.78
290.07	249.88	113.79
242.14	299.90	113.86
283.81	251.32	113.89
270.50	259.92	113.99
274.37	256.50	114.01
293.22	247.55	114.02
299.50	247.53	114.11
286.94	247.55	114.20
277.51	252.01	114.33
252.34	278.74	114.39
255.49	274.29	114.39
249.20	283.19	114.43
258.63	269.83	114.44
296.37	243.06	114.45
246.04	287.63	114.53
261.77	265.37	114.55
290.08	243.06	114.58
280.64	247.53	114.64
242.89	292.07	114.68
264.91	260.90	114.70
299.52	238.58	114.82
268.05	256.43	114.88
239.73	296.51	114.88
293.22	238.58	114.92
283.78	243.05	114.94
271.19	251.96	115.09
296.37	234.11	115.21
286.93	238.57	115.22
274.33	247.49	115.31
290.07	234.10	115.47
299.52	229.65	115.48
276.88	242.77	115.62
292.75	229.48	115.74
252.16	269.68	115.75
249.02	274.14	115.76
280.65	238.18	115.77
255.34	265.24	115.77
245.79	278.84	115.80
258.57	260.82	115.82
242.89	283.12	115.86
261.85	256.42	115.88
284.04	234.19	115.88
296.23	225.73	115.89
265.19	252.04	115.96
239.90	287.65	115.96
287.18	230.01	116.04
268.58	247.68	116.05
236.95	292.21	116.10
299.51	220.71	116.18
271.46	243.41	116.20
290.06	225.16	116.26
233.87	296.42	116.36
274.30	238.51	116.43
293.21	220.70	116.45
277.45	234.05	116.55
280.60	229.59	116.66
296.36	216.23	116.67
283.74	225.14	116.76
286.90	220.68	116.88
299.51	211.77	116.94
290.05	216.22	117.02
249.06	265.18	117.03
252.21	260.73	117.03
245.90	269.64	117.06
255.36	256.27	117.06
258.51	251.82	117.11
242.75	274.09	117.12
261.66	247.36	117.17
293.20	211.76	117.21
239.59	278.54	117.22
264.81	242.91	117.24
267.96	238.46	117.30
271.11	234.00	117.35
236.43	282.99	117.37
274.27	229.55	117.40
277.42	225.10	117.44
296.35	207.29	117.46
280.57	220.65	117.47
283.73	216.20	117.53
233.27	287.44	117.56
286.88	211.74	117.62
230.61	291.85	117.69
290.04	207.28	117.78
227.75	297.47	117.79
299.50	202.81	117.80
293.97	203.91	117.88
249.87	257.43	117.95
253.03	252.98	117.96
246.73	261.89	117.97
256.18	248.53	117.97
259.34	244.08	118.00
243.59	266.37	118.00
278.24	217.37	118.02
262.50	239.64	118.02
281.40	212.92	118.02
275.10	221.83	118.03
265.65	235.20	118.03
271.95	226.29	118.04
268.80	230.75	118.04
241.24	269.72	118.04
283.77	209.60	118.05
238.91	273.08	118.10
296.37	200.74	118.10
286.15	206.30	118.13
235.80	277.58	118.20
290.10	202.27	118.23
299.53	197.85	118.32
232.70	282.11	118.34
293.23	198.55	118.45
227.18	292.09	118.49
229.61	286.65	118.52
280.66	207.43	118.53
277.52	211.88	118.55
283.80	202.98	118.58
274.37	216.34	118.60
271.23	220.80	118.66
268.08	225.26	118.72
264.93	229.72	118.76
286.94	198.53	118.76
261.78	234.17	118.79
258.63	238.63	118.80
255.48	243.09	118.81
252.34	247.55	118.82
224.01	296.52	118.82
249.19	252.00	118.83
296.38	194.08	118.84
246.04	256.46	118.85
242.89	260.91	118.89
239.74	265.36	118.95
236.59	269.81	119.04
290.08	194.07	119.09
233.43	274.25	119.15
277.50	202.94	119.20
280.64	198.50	119.21
299.52	189.61	119.30
274.35	207.40	119.30
230.27	278.69	119.31
283.78	194.05	119.42
271.20	211.85	119.43
227.11	283.13	119.50
293.22	189.59	119.52
268.05	216.30	119.57
264.89	220.75	119.68
286.92	189.58	119.81
277.48	194.02	119.85
223.35	287.24	119.92
261.04	224.85	119.94
258.02	229.37	120.00
273.72	198.12	120.03
254.97	233.88	120.04
251.90	238.37	120.08
296.46	184.49	120.10
248.81	242.86	120.11
220.52	291.86	120.12
245.72	247.34	120.13
242.63	251.82	120.16
270.93	202.78	120.17
239.55	256.30	120.20
280.47	189.37	120.22
236.28	261.09	120.25
290.15	185.16	120.29
233.43	265.30	120.30
268.22	207.22	120.30
217.89	296.30	120.34
230.40	269.81	120.38
265.22	212.00	120.44
227.41	274.35	120.47
299.73	180.93	120.48
262.30	216.56	120.55
224.46	278.90	120.59
274.57	189.88	120.61
284.05	185.47	120.61
271.69	193.98	120.66
259.15	220.70	120.73
221.34	283.06	120.83
293.21	180.59	120.83
255.38	225.14	120.96
267.98	198.42	121.06
252.23	229.59	121.07
249.08	234.04	121.15
245.92	238.48	121.23
217.57	287.50	121.23
286.90	180.55	121.24
277.44	184.99	121.26
242.77	242.93	121.30
264.81	202.86	121.32
296.35	176.10	121.36
239.61	247.38	121.36
236.46	251.83	121.43
233.31	256.28	121.50
214.40	291.94	121.55
261.65	207.30	121.56
230.15	260.73	121.59
226.99	265.18	121.69
258.49	211.74	121.77
290.04	176.05	121.77
280.58	180.49	121.80
223.84	269.63	121.82
299.49	171.60	121.88
211.22	296.39	121.92
255.33	216.18	121.95
220.68	274.08	121.98
246.60	230.54	122.07
267.91	189.40	122.09
271.04	185.62	122.09
252.18	220.62	122.10
215.11	284.04	122.12
265.26	193.84	122.13
249.52	225.03	122.14
243.48	235.04	122.15
293.17	172.29	122.16
217.52	278.53	122.17
262.37	199.43	122.17
283.70	176.75	122.18
240.35	239.53	122.22
275.05	181.58	122.25
237.23	244.01	122.29
234.10	248.50	122.35
212.04	288.63	122.37
259.30	203.99	122.38
286.92	173.85	122.40
296.37	169.40	122.40
230.97	252.99	122.42
228.63	256.36	122.47
257.01	207.36	122.52
226.30	259.71	122.53
277.47	178.46	122.55
209.81	292.00	122.58
223.19	264.21	122.62
254.70	210.76	122.65
289.32	170.77	122.71
298.77	166.32	122.72
220.08	268.72	122.74
246.07	225.29	122.81
251.60	215.30	122.81
207.53	295.47	122.84
279.93	175.29	122.86
216.98	273.24	122.87
214.08	278.77	122.88
261.83	194.11	122.90
242.91	229.74	122.92
293.25	167.42	122.94
248.50	219.82	122.95
211.41	283.17	123.01
239.76	234.20	123.02
271.24	180.81	123.02
283.81	171.88	123.05
264.28	188.70	123.05
267.43	184.28	123.09
236.60	238.65	123.10
258.66	198.54	123.11
233.45	243.10	123.18
230.30	247.55	123.26
208.25	287.60	123.29
255.50	202.98	123.33
227.14	252.00	123.34
274.37	176.31	123.40
296.39	162.92	123.41
223.99	256.44	123.43
286.95	167.38	123.51
220.83	260.89	123.53
252.33	207.43	123.53
205.08	292.04	123.62
217.68	265.33	123.64
249.17	211.87	123.71
214.52	269.78	123.78
277.50	171.81	123.81
299.53	158.43	123.85
246.01	216.32	123.88
211.36	274.22	123.94
290.08	162.88	123.95
201.91	296.47	124.01
242.86	220.77	124.02
207.63	278.66	124.25
280.36	166.93	124.32
238.99	224.85	124.34
261.18	184.85	124.38
235.96	229.37	124.41
258.09	189.32	124.42
264.38	180.44	124.43
292.99	158.06	124.43
232.93	233.88	124.47
204.57	282.85	124.49
255.08	193.83	124.51
229.88	238.38	124.53
267.73	176.07	124.57
226.82	242.88	124.58
252.11	198.38	124.63
223.76	247.38	124.64
283.72	162.58	124.66
201.66	287.66	124.68
220.70	251.88	124.69
217.80	256.17	124.74
296.39	153.98	124.74
249.25	202.79	124.75
271.15	171.84	124.75
214.62	260.89	124.81
246.21	207.48	124.87
211.61	265.41	124.88
199.04	292.18	124.89
287.47	158.54	124.91
208.62	269.95	124.97
274.88	167.46	124.97
243.25	212.03	124.98
299.80	149.84	125.05
205.67	274.51	125.07
240.27	216.56	125.08
196.14	296.44	125.23
237.10	220.69	125.25
290.05	153.86	125.36
277.44	162.76	125.42
201.84	278.60	125.43
233.33	225.13	125.49
230.17	229.58	125.59
198.68	283.05	125.65
258.52	180.56	125.67
255.36	185.02	125.68
227.02	234.03	125.68
293.19	149.38	125.70
261.67	176.09	125.75
280.58	158.28	125.75
223.87	238.48	125.76
252.21	189.47	125.77
220.71	242.93	125.83
249.05	193.92	125.90
217.56	247.38	125.90
264.81	171.62	125.91
195.51	287.50	125.92
214.41	251.83	125.97
296.34	144.91	126.02
211.26	256.28	126.05
245.89	198.37	126.05
283.73	153.80	126.07
267.96	167.15	126.12
208.10	260.73	126.13
242.74	202.82	126.21
204.95	265.18	126.23
192.35	291.95	126.24
299.48	140.44	126.33
201.79	269.64	126.35
239.58	207.26	126.36
271.10	162.68	126.37
286.87	149.33	126.37
230.83	221.60	126.47
198.64	274.09	126.49
236.42	211.71	126.50
227.71	226.10	126.55
189.18	296.41	126.62
278.15	154.83	126.62
224.59	230.59	126.63
274.25	158.21	126.63
233.27	216.15	126.63
193.08	284.07	126.65
290.01	144.86	126.66
195.48	278.55	126.66
221.46	235.08	126.69
293.94	141.51	126.71
252.97	181.64	126.73
256.13	177.18	126.73
218.33	239.56	126.75
249.84	186.12	126.78
259.30	172.75	126.79
215.20	244.04	126.81
190.76	287.54	126.83
281.39	150.49	126.86
212.07	248.53	126.86
246.72	190.63	126.87
296.37	138.26	126.89
262.50	168.34	126.90
208.94	253.01	126.91
244.39	194.00	126.95
206.60	256.36	126.96
204.26	259.72	127.00
264.87	165.10	127.01
188.54	290.89	127.03
283.77	147.30	127.03
242.07	197.37	127.04
298.75	135.06	127.07
201.14	264.21	127.08
267.28	161.81	127.13
198.02	268.71	127.17
238.97	201.89	127.17
286.20	144.04	127.20
185.71	296.51	127.27
194.91	273.21	127.28
235.86	206.40	127.29
192.01	278.75	127.29
290.14	139.97	127.31
270.49	157.45	127.32
229.83	216.43	127.33
227.17	220.84	127.34
274.41	153.36	127.37
232.75	210.92	127.40
189.35	283.16	127.40
224.01	225.29	127.43
293.26	136.20	127.47
277.52	149.58	127.50
220.86	229.74	127.51
217.70	234.19	127.57
214.55	238.64	127.63
186.19	287.59	127.65
252.35	176.29	127.68
211.40	243.09	127.69
249.20	180.74	127.70
296.40	131.72	127.70
255.49	171.84	127.71
280.66	145.10	127.74
208.24	247.54	127.74
246.05	185.19	127.77
205.09	251.99	127.79
258.63	167.38	127.79
201.94	256.44	127.84
242.89	189.63	127.87
198.78	260.89	127.90
299.55	127.25	127.91
261.77	162.92	127.91
183.03	292.03	127.96
283.80	140.63	127.96
195.63	265.34	127.98
239.74	194.08	127.99
192.47	269.78	128.07
264.91	158.45	128.07
236.58	198.52	128.12
286.95	136.15	128.17
189.32	274.23	128.18
268.05	153.98	128.24
233.42	202.97	128.25
179.86	296.47	128.32
186.16	278.67	128.33
290.09	131.68	128.37
230.26	207.41	128.38
271.20	149.51	128.42
227.11	211.86	128.49
183.00	283.11	128.51
293.23	127.22	128.56
274.34	145.04	128.60
296.38	122.75	128.73
223.23	215.95	128.79
179.31	287.55	128.83
220.18	220.45	128.84
217.11	224.94	128.89
276.80	140.28	128.92
214.03	229.43	128.94
210.93	233.91	128.97
298.84	118.00	128.98
207.83	238.39	129.00
204.72	242.86	129.02
280.22	135.93	129.03
201.60	247.33	129.04
198.49	251.80	129.06
195.37	256.27	129.08
248.96	171.65	129.09
176.27	292.14	129.10
252.13	167.21	129.10
245.83	176.12	129.10
192.27	260.74	129.11
255.34	162.78	129.14
242.75	180.60	129.14
189.18	265.23	129.14
283.85	131.34	129.14
186.12	269.73	129.18
258.50	158.50	129.19
239.78	184.97	129.19
183.11	274.24	129.24
287.10	127.25	129.24
236.66	189.61	129.26
261.89	153.98	129.26
180.15	278.80	129.32
173.91	296.70	129.32
290.55	122.92	129.34
233.63	194.12	129.34
265.22	149.60	129.35
230.62	198.64	129.42
177.28	283.42	129.42
268.59	145.23	129.43
293.49	118.65	129.47
227.60	203.16	129.49
224.58	207.67	129.56
271.45	140.94	129.59
296.35	113.79	129.66
221.36	211.78	129.71
173.50	287.53	129.76
299.50	109.34	129.77
274.29	136.05	129.82
217.58	216.22	129.92
277.44	131.59	129.94
214.43	220.67	129.99
170.34	291.98	130.03
211.28	225.12	130.04
280.59	127.13	130.06
208.13	229.58	130.09
204.98	234.03	130.12
201.83	238.48	130.14
198.68	242.94	130.15
195.53	247.39	130.16
192.38	251.85	130.16
283.74	122.67	130.17
189.23	256.30	130.17
186.08	260.76	130.18
182.93	265.21	130.19
179.78	269.67	130.23
286.88	118.21	130.27
176.63	274.13	130.28
290.03	113.76	130.35
245.91	167.19	130.36
249.06	162.73	130.36
173.48	278.59	130.37
242.76	171.64	130.38
252.21	158.28	130.39
167.18	296.44	130.39
293.18	109.30	130.43
239.60	176.10	130.43
255.36	153.82	130.44
170.33	283.04	130.50
296.33	104.85	130.50
258.51	149.36	130.50
236.45	180.55	130.51
299.48	100.40	130.56
261.66	144.90	130.58
233.29	185.00	130.60
264.81	140.45	130.66
167.17	287.51	130.69
230.14	189.45	130.70
267.96	135.99	130.75
226.98	193.89	130.80
271.11	131.54	130.83
215.07	212.68	130.89
223.83	198.34	130.90
274.26	127.08	130.91
211.94	217.16	130.94
164.01	291.97	130.96
177.31	266.17	130.98
277.41	122.63	130.98
208.81	221.63	130.99
180.46	261.72	130.99
174.16	270.63	130.99
220.68	202.79	131.00
183.62	257.27	131.00
186.77	252.82	131.02
205.67	226.10	131.02
171.02	275.11	131.02
189.93	248.38	131.03
202.53	230.56	131.04
193.08	243.93	131.04
199.38	235.02	131.05
196.23	239.48	131.05
280.56	118.17	131.05
217.52	207.24	131.09
167.89	279.60	131.09
297.04	96.95	131.09
283.71	113.72	131.11
286.86	109.27	131.16
290.01	104.82	131.20
164.78	284.12	131.21
293.16	100.37	131.23
161.38	296.44	131.24
246.71	159.41	131.28
249.87	154.96	131.29
243.56	163.87	131.29
253.02	150.52	131.31
240.42	168.34	131.32
162.45	287.54	131.34
256.19	146.08	131.35
237.29	172.82	131.36
259.35	141.64	131.39
234.94	176.18	131.41
261.72	138.33	131.42
232.61	179.54	131.46
264.10	135.01	131.46
267.26	130.58	131.51
160.20	290.90	131.51
229.49	184.03	131.54
270.43	126.15	131.56
299.57	87.16	131.57
296.42	91.62	131.57
273.60	121.72	131.60
226.36	188.53	131.62
170.45	269.83	131.62
167.29	274.27	131.62
293.29	95.37	131.63
173.60	265.38	131.64
276.76	117.28	131.64
164.14	278.71	131.67
176.75	260.93	131.67
279.92	112.84	131.67
283.08	108.40	131.70
223.24	193.02	131.70
179.90	256.48	131.71
286.24	103.95	131.72
211.42	211.94	131.72
289.39	99.50	131.73
157.84	296.46	131.73
183.05	252.03	131.75
214.07	207.53	131.75
160.98	283.15	131.76
208.26	216.39	131.77
186.20	247.57	131.78
220.12	197.52	131.78
189.35	243.12	131.81
205.11	220.84	131.81
192.50	238.66	131.83
201.96	225.30	131.84
195.65	234.21	131.85
198.81	229.75	131.85
217.00	202.01	131.86
157.83	287.58	131.93
246.04	154.01	132.13
249.19	149.55	132.13
252.33	145.09	132.14
242.89	158.46	132.15
255.48	140.64	132.16
299.55	78.23	132.17
239.74	162.91	132.18
258.63	136.18	132.19
154.67	292.01	132.20
296.40	82.68	132.21
261.77	131.72	132.22
236.59	167.36	132.23
264.92	127.26	132.25
293.25	87.14	132.25
268.07	122.80	132.27
290.10	91.60	132.28
233.44	171.81	132.29
271.21	118.34	132.29
286.96	96.05	132.30
274.36	113.88	132.31
283.81	100.51	132.31
277.51	109.42	132.32
280.66	104.97	132.32
230.29	176.26	132.37
227.13	180.71	132.45
157.81	278.68	132.46
160.96	274.24	132.46
164.11	269.79	132.50
154.66	283.12	132.52
223.98	185.16	132.55
167.26	265.33	132.56
151.51	296.45	132.58
170.41	260.88	132.64
220.82	189.61	132.64
151.50	287.56	132.69
299.54	69.30	132.69
173.56	256.42	132.71
217.67	194.06	132.73
296.39	73.75	132.77
176.71	251.96	132.78
214.51	198.50	132.81
293.24	78.21	132.84
179.86	247.50	132.85
211.36	202.96	132.88
290.09	82.66	132.91
183.00	243.05	132.91
208.21	207.41	132.94
186.15	238.59	132.96
286.94	87.11	132.97
205.05	211.86	132.98
148.35	292.00	132.99
189.30	234.13	133.00
201.90	216.31	133.01
192.45	229.67	133.02
283.79	91.57	133.02
198.75	220.76	133.03
195.60	225.22	133.03
280.63	96.02	133.07
277.48	100.48	133.11
274.33	104.93	133.14
299.53	60.38	133.16
271.18	109.38	133.17
151.49	278.65	133.18
148.34	283.10	133.22
296.38	64.83	133.27
154.33	273.76	133.31
267.26	113.46	133.34
264.17	117.94	133.35
261.06	122.42	133.36
257.95	126.89	133.37
254.83	131.36	133.37
251.71	135.83	133.38
248.60	140.31	133.39
245.49	144.78	133.40
242.39	149.25	133.42
157.18	269.48	133.43
239.29	153.73	133.44
292.58	68.94	133.46
236.21	158.22	133.47
144.62	287.19	133.49
144.71	296.76	133.49
160.57	265.12	133.50
233.14	162.71	133.51
289.68	73.53	133.52
230.08	167.20	133.56
163.94	260.76	133.58
286.75	78.10	133.59
299.15	51.69	133.60
226.81	172.01	133.61
283.87	82.54	133.64
167.14	256.56	133.65
223.97	176.21	133.66
296.53	56.00	133.68
280.82	87.19	133.70
220.93	180.71	133.72
142.55	292.03	133.73
170.59	252.00	133.73
277.82	91.72	133.75
293.69	60.62	133.76
145.66	278.85	133.76
217.89	185.22	133.78
173.88	247.61	133.80
274.80	96.24	133.80
142.49	283.08	133.83
148.97	274.45	133.83
214.84	189.72	133.84
271.76	100.74	133.85
177.15	243.20	133.85
211.79	194.22	133.89
290.63	64.81	133.89
268.70	105.24	133.89
180.40	238.79	133.91
208.72	198.71	133.93
183.63	234.37	133.95
205.65	203.20	133.97
186.83	229.95	133.98
265.46	109.35	133.98
202.55	207.68	133.99
190.01	225.51	134.00
199.45	212.15	134.01
193.18	221.06	134.02
196.32	216.61	134.02
286.90	69.26	134.08
296.35	46.99	134.08
151.46	269.70	134.09
261.70	113.79	134.12
258.55	118.25	134.17
138.86	287.54	134.19
283.75	73.71	134.20
255.40	122.70	134.21
293.20	51.44	134.23
252.24	127.15	134.25
154.60	265.23	134.26
299.50	33.63	134.26
249.09	131.60	134.30
280.60	78.16	134.32
138.85	296.46	134.32
245.94	136.05	134.34
290.05	55.89	134.38
242.79	140.50	134.38
138.86	278.60	134.42
296.35	38.08	134.43
157.75	260.76	134.43
277.44	82.61	134.43
239.63	144.95	134.43
236.48	149.40	134.49
286.89	60.34	134.53
274.29	87.06	134.54
233.33	153.85	134.55
299.49	24.71	134.56
160.89	256.30	134.58
293.19	42.53	134.59
135.69	283.09	134.60
142.00	274.12	134.60
230.17	158.30	134.62
271.13	91.51	134.65
283.74	64.79	134.67
227.02	162.75	134.70
135.68	292.01	134.72
164.03	251.83	134.73
296.34	29.16	134.74
267.98	95.96	134.75
290.04	46.98	134.75
223.86	167.20	134.78
280.58	69.24	134.82
299.49	15.80	134.84
264.82	100.41	134.84
145.14	269.64	134.84
167.18	247.37	134.86
220.71	171.65	134.87
293.18	33.61	134.91
286.88	51.43	134.92
261.67	104.85	134.93
217.56	176.10	134.95
277.43	73.69	134.97
170.32	242.91	134.98
258.52	109.30	135.01
296.33	20.25	135.02
214.40	180.55	135.04
148.28	265.17	135.07
173.47	238.45	135.08
299.48	6.89	135.08
290.03	38.07	135.09
283.72	55.88	135.09
255.36	113.75	135.09
274.27	78.14	135.11
211.25	185.00	135.12
252.21	118.20	135.16
176.61	233.99	135.17
132.50	287.55	135.18
208.10	189.45	135.19
293.18	24.70	135.21
249.05	122.65	135.23
179.76	229.53	135.24
271.11	82.59	135.25
204.94	193.90	135.25
280.57	60.33	135.26
286.87	42.52	135.26
132.47	278.56	135.27
151.42	260.70	135.28
296.32	11.34	135.28
182.90	225.07	135.30
201.79	198.35	135.30
245.90	127.10	135.31
186.05	220.61	135.34
198.64	202.80	135.34
132.50	296.47	135.34
135.66	274.04	135.36
189.20	216.16	135.36
195.49	207.25	135.36
192.34	211.71	135.37
242.74	131.54	135.38
267.96	87.03	135.38
290.02	29.15	135.39
230.85	150.36	135.43
277.41	64.78	135.43
239.59	135.99	135.45
283.72	46.97	135.45
154.56	256.23	135.48
293.17	15.79	135.48
227.72	154.85	135.49
264.80	91.48	135.51
236.44	140.44	135.52
296.32	2.43	135.52
138.79	270.29	135.53
161.61	248.40	135.55
157.68	252.49	135.56
259.24	101.43	135.56
224.60	159.34	135.57
286.86	33.60	135.58
233.28	144.89	135.59
274.26	69.22	135.60
271.86	74.73	135.62
142.75	266.24	135.62
280.56	51.42	135.63
261.65	95.93	135.64
221.47	163.83	135.64
130.09	284.16	135.65
256.13	105.93	135.66
290.01	20.24	135.67
164.80	244.00	135.67
293.67	6.87	135.68
278.18	56.96	135.69
284.23	38.04	135.71
218.35	168.32	135.72
129.88	292.02	135.74
287.65	25.81	135.75
253.01	110.43	135.75
268.76	79.26	135.76
291.58	11.36	135.77
167.99	239.61	135.78
282.14	42.55	135.78
145.18	262.97	135.79
215.23	172.81	135.79
275.86	60.36	135.82
249.89	114.93	135.84
212.89	176.18	135.85
170.37	236.31	135.86
266.45	82.64	135.87
285.36	29.18	135.88
247.57	118.27	135.90
210.55	179.53	135.90
289.31	14.71	135.91
279.87	45.89	135.92
172.75	233.01	135.92
147.55	259.76	135.93
292.47	1.36	135.94
273.58	63.73	135.95
245.22	121.65	135.96
207.43	184.02	135.97
264.13	86.02	135.98
175.93	228.59	135.99
283.05	32.58	136.02
204.30	188.51	136.02
242.10	126.15	136.04
128.74	297.53	136.04
277.01	51.51	136.04
290.12	6.94	136.04
286.46	20.32	136.04
270.71	69.34	136.05
179.10	224.17	136.05
201.16	192.99	136.07
128.01	287.54	136.08
280.67	38.12	136.10
182.27	219.73	136.10
198.02	197.46	136.11
261.03	90.54	136.11
238.98	130.64	136.11
150.76	255.40	136.12
185.43	215.29	136.13
129.01	278.74	136.13
258.14	96.10	136.13
194.88	201.93	136.14
188.58	210.85	136.15
191.74	206.39	136.15
131.88	273.22	136.15
268.08	73.78	136.16
274.37	55.95	136.19
283.82	24.76	136.19
255.49	100.53	136.19
235.85	135.13	136.19
229.81	145.14	136.19
227.16	149.56	136.19
157.84	247.58	136.21
286.96	11.39	136.25
232.73	139.62	136.27
138.94	265.41	136.27
224.00	154.01	136.28
153.98	251.02	136.29
135.08	268.85	136.30
277.52	42.58	136.30
252.34	104.98	136.31
264.93	78.23	136.34
160.99	243.12	136.37
220.85	158.46	136.37
280.66	29.21	136.39
271.22	60.40	136.39
249.18	109.43	136.43
126.36	291.99	136.43
283.81	15.84	136.46
217.70	162.91	136.46
286.96	2.48	136.49
164.13	238.65	136.50
261.77	82.68	136.51
142.08	260.94	136.51
274.36	47.03	136.52
126.37	283.12	136.53
246.03	113.89	136.54
214.54	167.36	136.55
277.51	33.66	136.59
268.07	64.85	136.60
167.28	234.19	136.62
211.39	171.81	136.64
242.88	118.34	136.65
280.66	20.29	136.66
258.62	87.14	136.68
283.80	6.93	136.71
208.24	176.26	136.72
170.43	229.72	136.73
145.22	256.46	136.74
271.21	51.48	136.74
239.72	122.79	136.76
205.08	180.71	136.79
274.35	38.11	136.81
264.91	69.30	136.81
173.57	225.26	136.81
255.46	91.59	136.84
236.57	127.24	136.86
201.93	185.16	136.86
277.50	24.75	136.87
176.72	220.80	136.88
198.78	189.61	136.91
280.65	11.38	136.93
179.87	216.34	136.94
148.37	251.99	136.95
195.62	194.07	136.95
233.42	131.69	136.96
268.05	55.93	136.97
183.02	211.89	136.97
192.47	198.52	136.98
186.17	207.43	136.99
189.32	202.97	136.99
252.31	96.04	137.00
261.75	73.75	137.01
271.20	42.56	137.03
230.26	136.14	137.06
274.35	29.20	137.08
123.18	296.45	137.10
151.51	247.52	137.13
123.18	287.55	137.14
277.49	15.83	137.14
249.15	100.49	137.15
129.47	269.80	137.16
227.11	140.59	137.16
280.64	2.47	137.17
264.90	60.38	137.20
258.60	78.21	137.21
126.33	274.23	137.23
223.96	145.04	137.26
268.04	47.01	137.27
132.61	265.33	137.28
246.00	104.94	137.29
271.19	33.65	137.30
154.65	243.05	137.31
274.34	20.28	137.35
220.80	149.49	137.36
277.49	6.92	137.40
255.44	82.66	137.41
242.85	109.39	137.43
261.74	64.83	137.44
217.65	153.94	137.46
157.80	238.59	137.46
135.75	260.86	137.46
264.89	51.46	137.53
268.03	38.10	137.54
239.69	113.84	137.56
271.18	24.74	137.57
252.29	87.11	137.60
274.33	11.37	137.62
213.91	158.39	137.66
160.65	233.71	137.69
122.52	278.29	137.73
257.97	69.28	137.75
210.72	162.53	137.80
138.24	256.11	137.81
235.90	117.96	137.82
163.50	229.39	137.84
261.26	55.91	137.84
267.49	29.19	137.85
264.39	42.55	137.85
207.69	167.04	137.85
119.53	291.69	137.88
248.57	91.25	137.88
270.73	15.82	137.89
232.95	122.52	137.91
204.65	171.55	137.91
166.81	225.01	137.91
273.73	2.09	137.94
141.68	251.77	137.94
255.04	73.51	137.96
201.60	176.05	137.96
170.10	220.61	137.97
229.99	127.07	137.99
245.74	95.88	138.00
198.54	180.55	138.00
173.36	216.20	138.01
195.46	185.04	138.04
176.59	211.78	138.05
264.61	33.72	138.05
119.86	283.12	138.05
258.40	60.43	138.06
192.37	189.52	138.06
145.21	247.32	138.07
226.90	131.80	138.07
267.89	20.32	138.07
261.62	47.03	138.07
179.79	207.35	138.07
189.26	193.99	138.08
183.17	202.62	138.09
186.19	198.37	138.09
271.20	6.90	138.09
252.36	78.13	138.10
242.96	100.35	138.11
224.04	136.15	138.14
148.55	243.09	138.18
265.34	25.01	138.22
221.05	140.68	138.22
262.19	38.39	138.22
239.99	105.08	138.22
255.84	65.06	138.23
249.56	82.88	138.25
268.62	11.73	138.25
259.12	51.79	138.26
117.47	296.43	138.27
151.96	238.74	138.29
218.05	145.21	138.29
237.09	109.65	138.32
126.73	265.46	138.33
123.59	269.95	138.36
215.05	149.74	138.36
130.02	261.06	138.38
155.34	234.38	138.39
212.04	154.26	138.43
246.55	87.08	138.45
117.23	287.54	138.48
233.97	113.80	138.49
261.71	29.18	138.51
132.86	256.76	138.55
252.25	69.26	138.55
264.85	15.81	138.56
120.47	274.16	138.57
268.00	2.45	138.57
258.55	42.54	138.58
255.40	55.90	138.63
157.75	229.60	138.67
208.14	158.33	138.70
242.79	91.52	138.73
230.19	118.24	138.74
258.55	33.63	138.76
261.70	20.26	138.78
160.90	225.13	138.79
204.99	162.78	138.79
249.09	73.71	138.80
264.85	6.90	138.82
135.70	251.85	138.82
227.04	122.69	138.88
201.84	167.23	138.88
255.39	46.99	138.88
164.04	220.67	138.89
252.24	60.35	138.91
239.64	95.97	138.93
198.68	171.68	138.95
167.19	216.22	138.97
138.84	247.39	138.99
258.54	24.71	139.01
223.88	127.14	139.01
195.53	176.13	139.02
245.93	78.16	139.03
116.77	278.60	139.04
170.34	211.76	139.04
261.69	11.35	139.06
255.39	38.08	139.07
192.38	180.58	139.07
173.48	207.30	139.09
236.48	100.42	139.11
189.23	185.03	139.11
176.63	202.85	139.13
186.08	189.48	139.14
220.73	131.59	139.14
179.78	198.39	139.15
182.93	193.94	139.15
141.99	242.92	139.16
113.62	291.99	139.16
249.08	64.80	139.19
252.23	51.44	139.19
255.38	29.17	139.23
242.78	82.60	139.26
217.57	136.04	139.27
233.32	104.86	139.29
258.53	15.80	139.30
261.68	2.44	139.31
145.13	238.46	139.31
214.42	140.48	139.39
252.22	42.53	139.41
245.92	69.24	139.46
230.16	109.31	139.46
148.28	234.00	139.46
239.62	87.05	139.49
113.60	283.05	139.49
249.07	55.89	139.50
211.26	144.93	139.50
255.37	20.25	139.54
252.22	33.63	139.55
258.52	6.89	139.57
252.55	29.71	139.60
151.42	229.54	139.60
208.11	149.38	139.61
227.01	113.76	139.62
123.05	260.71	139.67
236.46	91.50	139.70
119.90	265.17	139.71
204.95	153.83	139.71
242.76	73.69	139.72
126.21	256.25	139.72
154.57	225.08	139.72
249.06	46.98	139.74
110.44	296.44	139.75
223.85	118.20	139.78
252.21	24.70	139.79
245.91	60.33	139.80
201.80	158.28	139.81
129.36	251.79	139.82
255.36	11.34	139.83
157.71	220.62	139.83
116.73	269.63	139.85
171.01	203.81	139.90
198.65	162.73	139.90
233.30	95.94	139.91
186.76	181.55	139.91
249.05	38.08	139.92
174.17	199.37	139.93
220.69	122.65	139.93
160.86	216.16	139.93
183.62	186.01	139.93
177.33	194.92	139.94
180.48	190.47	139.94
132.51	247.32	139.95
239.60	78.13	139.97
195.49	167.17	139.97
139.55	239.47	139.98
215.13	132.60	139.99
135.63	243.58	139.99
110.42	287.51	140.00
114.08	274.07	140.00
164.00	211.70	140.01
189.69	176.04	140.01
230.64	100.36	140.03
192.34	171.62	140.04
255.36	2.43	140.06
217.54	127.10	140.07
167.15	207.24	140.07
245.90	51.43	140.08
249.05	29.16	140.08
252.20	15.79	140.09
227.77	105.93	140.09
242.75	64.78	140.09
212.03	137.11	140.11
142.75	235.08	140.11
236.97	82.56	140.13
246.67	43.62	140.15
244.29	55.91	140.18
108.86	292.00	140.19
111.24	279.74	140.21
253.00	8.00	140.21
240.40	70.36	140.21
208.91	141.62	140.21
249.85	21.37	140.22
247.48	33.64	140.22
145.94	230.69	140.23
224.67	110.46	140.25
234.12	88.20	140.25
206.58	145.00	140.29
148.32	227.41	140.32
204.26	148.35	140.36
222.38	113.82	140.37
242.08	59.25	140.39
244.45	47.00	140.39
238.15	73.73	140.39
150.71	224.12	140.40
250.75	11.36	140.40
231.86	91.54	140.40
247.61	24.73	140.42
245.50	38.12	140.43
201.14	152.85	140.46
220.05	117.22	140.48
109.07	283.09	140.49
119.25	259.79	140.49
251.81	2.49	140.49
122.40	255.34	140.49
106.94	296.48	140.49
153.89	219.71	140.50
198.02	157.35	140.54
248.67	15.86	140.54
125.56	250.92	140.55
229.53	94.98	140.55
116.13	264.26	140.55
186.20	176.28	140.56
227.15	100.52	140.56
242.38	51.49	140.57
235.84	77.17	140.58
157.07	215.30	140.58
170.45	198.56	140.59
183.05	180.74	140.59
245.54	29.21	140.60
239.24	64.87	140.60
173.60	194.11	140.61
194.89	161.84	140.61
179.90	185.19	140.61
216.95	121.75	140.62
176.75	189.65	140.62
135.79	238.67	140.62
167.32	202.32	140.63
214.05	127.29	140.63
128.74	246.51	140.63
160.25	210.88	140.66
233.44	82.69	140.66
191.77	166.33	140.68
211.40	131.72	140.69
113.04	268.78	140.70
242.89	42.56	140.71
249.18	6.93	140.71
163.43	206.46	140.72
110.62	274.25	140.73
188.64	170.81	140.73
131.93	242.10	140.73
106.99	287.59	140.74
223.99	104.97	140.76
138.94	234.20	140.76
246.03	20.30	140.77
236.58	69.31	140.82
208.24	136.17	140.82
239.73	55.93	140.83
242.88	33.65	140.89
142.08	229.74	140.89
230.28	87.14	140.90
220.83	109.42	140.94
205.09	140.62	140.94
246.02	11.38	141.01
145.23	225.28	141.01
201.93	145.07	141.06
239.72	47.02	141.07
242.87	24.75	141.09
107.46	278.68	141.09
233.42	73.76	141.09
217.68	113.87	141.11
227.12	91.59	141.13
148.37	220.81	141.13
236.57	60.39	141.15
198.78	149.52	141.16
104.30	292.02	141.17
246.01	2.47	141.21
151.52	216.35	141.24
195.62	153.97	141.26
239.72	38.10	141.26
214.52	118.32	141.28
120.03	251.98	141.31
116.88	256.43	141.31
242.86	15.83	141.32
154.67	211.89	141.33
192.47	158.42	141.34
223.97	96.04	141.35
123.17	247.53	141.36
230.26	78.21	141.36
113.73	260.88	141.38
157.81	207.43	141.41
189.32	162.87	141.41
236.56	51.47	141.42
211.37	122.77	141.44
126.32	243.07	141.44
239.71	29.19	141.44
233.41	64.84	141.45
160.96	202.97	141.48
186.16	167.32	141.48
242.85	6.92	141.52
104.28	283.11	141.52
110.58	265.32	141.53
183.01	171.78	141.53
164.11	198.51	141.53
129.46	238.61	141.54
220.81	100.49	141.55
179.86	176.23	141.56
167.26	194.05	141.56
176.71	180.68	141.58
208.21	127.22	141.59
170.41	189.60	141.59
173.56	185.14	141.59
227.11	82.66	141.62
236.55	42.56	141.63
239.70	20.28	141.64
132.61	234.14	141.65
101.12	296.46	141.72
205.05	131.67	141.72
233.40	55.92	141.75
230.25	69.29	141.75
217.65	104.93	141.75
107.42	269.76	141.75
135.75	229.68	141.77
236.55	33.64	141.81
239.69	11.37	141.84
201.90	136.12	141.85
223.95	87.11	141.86
138.90	225.22	141.88
214.49	109.38	141.94
198.74	140.57	141.97
233.39	47.01	141.99
236.54	24.73	141.99
142.04	220.76	142.00
239.69	2.46	142.01
227.09	73.74	142.04
230.24	60.37	142.07
100.59	287.55	142.11
103.78	274.19	142.16
195.00	145.02	142.17
220.20	91.55	142.19
144.89	215.87	142.19
210.80	113.83	142.21
235.99	15.82	142.25
232.88	38.09	142.25
191.83	149.16	142.30
147.70	211.55	142.31
188.82	153.69	142.36
151.01	207.16	142.37
207.75	118.05	142.37
223.49	77.93	142.39
217.23	95.79	142.40
229.80	51.19	142.41
185.79	158.20	142.41
236.05	6.60	142.41
154.29	202.76	142.42
232.97	28.92	142.42
116.54	247.32	142.42
113.42	251.79	142.43
226.76	64.63	142.44
119.73	242.89	142.44
182.74	162.71	142.45
157.55	198.35	142.46
110.37	256.28	142.47
204.86	122.64	142.48
100.83	278.73	142.48
179.67	167.20	142.48
122.98	238.48	142.48
160.78	193.94	142.49
176.58	171.68	142.51
163.99	189.51	142.51
173.47	176.16	142.52
167.18	185.07	142.53
97.87	292.01	142.53
170.34	180.62	142.53
233.31	20.28	142.53
126.30	234.03	142.54
214.44	100.47	142.54
230.23	42.54	142.55
107.43	260.77	142.55
220.87	82.59	142.56
202.09	127.00	142.57
129.58	229.70	142.60
227.47	55.80	142.62
233.83	11.28	142.62
224.37	69.11	142.63
230.77	33.54	142.65
199.02	131.79	142.67
132.91	225.32	142.67
211.65	105.09	142.67
104.51	265.42	142.68
218.13	87.38	142.73
136.25	220.94	142.74
196.08	136.34	142.75
98.36	283.36	142.76
233.79	2.45	142.76
208.83	109.71	142.80
139.58	216.57	142.80
230.70	24.73	142.82
193.11	140.89	142.82
227.56	47.00	142.83
101.72	270.08	142.86
221.34	73.72	142.89
224.53	60.36	142.91
95.24	296.45	142.95
142.01	211.79	143.02
230.20	15.81	143.04
214.45	91.53	143.06
189.25	144.98	143.06
227.05	38.09	143.09
205.00	113.80	143.11
145.16	207.33	143.11
186.10	149.43	143.15
230.20	6.91	143.17
148.30	202.87	143.19
182.95	153.88	143.23
223.89	51.45	143.25
217.59	78.17	143.25
227.04	29.18	143.26
151.45	198.42	143.26
201.84	118.25	143.27
211.29	95.98	143.29
179.80	158.33	143.29
154.60	193.96	143.31
220.74	64.80	143.32
94.74	287.53	143.33
176.64	162.78	143.34
113.65	242.96	143.34
97.89	274.16	143.34
157.75	189.50	143.36
110.50	247.41	143.36
116.80	238.50	143.36
173.49	167.23	143.38
160.90	185.05	143.39
170.34	171.69	143.40
227.04	20.27	143.40
164.05	180.59	143.40
167.19	176.14	143.41
119.95	234.04	143.41
107.34	251.86	143.42
198.69	122.69	143.42
223.89	42.54	143.46
123.10	229.58	143.47
208.14	100.43	143.50
214.43	82.61	143.52
227.04	11.36	143.53
104.19	256.32	143.54
126.24	225.13	143.55
195.53	127.14	143.57
220.73	55.89	143.59
217.58	69.25	143.62
227.04	2.45	143.63
223.88	33.63	143.63
129.39	220.67	143.64
192.38	131.59	143.69
204.98	104.87	143.70
101.03	260.77	143.71
132.54	216.21	143.73
94.72	278.60	143.73
223.88	24.72	143.77
211.28	87.06	143.77
189.23	136.04	143.81
135.69	211.75	143.81
220.72	46.99	143.82
91.56	291.98	143.84
201.82	109.32	143.89
223.87	15.81	143.89
138.83	207.29	143.90
186.07	140.49	143.91
214.42	73.70	143.91
217.57	60.34	143.92
97.86	265.22	143.94
141.98	202.83	143.98
223.87	6.90	143.99
220.72	38.08	144.00
182.92	144.94	144.00
208.12	91.51	144.01
145.13	198.38	144.05
198.67	113.77	144.06
179.77	149.39	144.07
148.28	193.92	144.11
176.62	153.84	144.13
220.71	29.17	144.14
151.43	189.47	144.16
91.55	283.05	144.16
217.56	51.43	144.17
173.47	158.29	144.18
211.26	78.15	144.19
154.57	185.01	144.20
170.32	162.74	144.22
195.51	118.21	144.22
157.72	180.56	144.23
204.96	95.95	144.24
214.41	64.79	144.24
94.70	269.67	144.24
167.17	167.20	144.24
160.87	176.10	144.25
164.02	171.65	144.25
220.71	20.26	144.26
110.47	238.46	144.26
113.62	234.00	144.27
107.31	242.92	144.29
116.77	229.55	144.30
104.16	247.37	144.35
119.92	225.09	144.36
220.71	11.36	144.36
217.56	42.53	144.36
88.38	296.43	144.37
192.36	122.66	144.37
123.07	220.63	144.42
220.71	2.45	144.43
186.78	132.59	144.43
201.80	100.40	144.45
208.10	82.59	144.45
101.00	251.83	144.46
133.26	208.31	144.46
92.05	274.11	144.49
126.22	216.17	144.49
189.20	127.11	144.50
129.35	212.43	144.50
214.40	55.88	144.50
217.55	33.62	144.51
183.67	137.09	144.53
88.91	287.50	144.53
136.43	203.89	144.53
98.36	256.25	144.53
211.25	69.24	144.54
205.71	88.11	144.54
218.07	24.71	144.57
199.17	104.82	144.57
139.61	199.47	144.60
219.08	6.91	144.61
180.55	141.59	144.61
95.49	261.88	144.61
196.30	110.43	144.64
214.93	46.97	144.64
142.78	195.05	144.66
218.09	15.81	144.66
215.97	38.09	144.66
89.98	278.63	144.67
208.90	74.82	144.67
177.42	146.07	144.68
212.05	61.47	144.68
203.40	91.54	144.71
145.95	190.62	144.71
174.29	150.55	144.73
193.98	113.82	144.75
149.11	186.19	144.75
171.94	153.91	144.77
151.47	182.87	144.78
216.06	29.18	144.78
86.92	292.00	144.79
93.22	265.27	144.79
169.60	157.26	144.79
153.85	179.54	144.80
166.45	161.72	144.82
157.00	175.09	144.82
212.93	51.45	144.82
163.31	166.19	144.83
160.16	170.64	144.83
191.68	117.18	144.86
201.13	94.90	144.86
206.66	78.18	144.86
216.90	10.25	144.86
217.15	2.46	144.88
216.12	20.27	144.88
109.78	233.03	144.88
106.63	237.49	144.89
112.93	228.58	144.89
209.83	64.82	144.90
213.76	41.46	144.91
116.09	224.15	144.92
103.50	241.96	144.93
87.79	282.02	144.96
204.57	82.70	144.96
119.26	219.72	144.97
129.48	207.46	144.97
188.57	121.71	144.99
185.68	127.28	144.99
90.95	268.69	145.00
214.03	33.66	145.00
210.88	55.94	145.00
100.38	246.45	145.01
122.42	215.29	145.03
183.04	131.71	145.03
214.54	24.74	145.04
207.74	69.32	145.04
132.63	203.00	145.05
198.05	99.46	145.05
84.92	296.49	145.07
195.64	104.97	145.08
125.60	210.87	145.09
94.86	256.43	145.11
135.78	198.54	145.12
97.28	250.96	145.12
179.89	136.16	145.13
214.53	15.83	145.13
201.94	87.14	145.14
211.39	47.02	145.14
88.57	274.22	145.15
138.93	194.08	145.18
214.53	6.91	145.18
176.73	140.61	145.21
85.42	287.57	145.23
142.07	189.62	145.24
192.49	109.42	145.25
208.23	60.39	145.26
205.08	73.76	145.26
173.58	145.07	145.27
145.22	185.17	145.29
211.38	38.10	145.30
170.43	149.52	145.33
148.37	180.71	145.34
91.70	260.87	145.34
167.28	153.98	145.37
151.52	176.25	145.37
198.78	91.59	145.37
164.12	158.43	145.39
154.67	171.80	145.39
160.97	162.88	145.40
157.82	167.34	145.40
189.33	113.87	145.41
211.37	29.19	145.42
208.22	51.47	145.49
107.43	229.70	145.49
110.57	225.25	145.49
104.28	234.15	145.50
211.37	20.28	145.51
113.72	220.79	145.52
201.92	78.21	145.54
101.13	238.60	145.55
186.17	118.32	145.56
85.40	278.66	145.56
116.87	216.34	145.56
211.37	11.37	145.57
205.07	64.84	145.57
195.62	96.04	145.59
211.36	2.46	145.59
120.01	211.88	145.62
88.54	265.31	145.63
97.98	243.05	145.64
208.22	42.56	145.66
123.16	207.42	145.68
183.02	122.77	145.69
82.24	292.01	145.73
126.31	202.96	145.74
94.83	247.50	145.77
208.21	33.64	145.79
192.47	100.49	145.79
179.86	127.22	145.80
198.76	82.66	145.80
129.46	198.51	145.80
205.06	55.92	145.82
132.61	194.05	145.87
201.91	69.29	145.87
208.21	24.73	145.89
176.71	131.68	145.89
135.75	189.59	145.93
91.67	251.94	145.94
208.21	15.82	145.95
85.38	269.75	145.96
173.56	136.13	145.97
208.20	6.91	145.98
189.31	104.94	145.98
138.90	185.13	145.98
82.23	283.11	146.01
205.06	47.01	146.02
142.05	180.68	146.03
170.40	140.58	146.04
195.61	87.11	146.05
145.20	176.22	146.07
167.25	145.03	146.09
148.35	171.76	146.11
164.10	149.49	146.12
151.50	167.31	146.13
160.95	153.94	146.14
186.15	109.39	146.15
154.65	162.85	146.15
201.90	60.37	146.15
157.80	158.40	146.15
88.51	256.39	146.16
198.75	73.74	146.16
205.05	38.10	146.16
107.40	220.76	146.26
79.07	296.46	146.26
104.25	225.21	146.26
205.05	29.19	146.26
110.55	216.30	146.27
192.45	91.56	146.27
101.10	229.66	146.28
183.00	113.84	146.30
113.70	211.85	146.30
205.04	20.27	146.33
97.95	234.11	146.34
116.84	207.39	146.35
82.21	274.19	146.35
201.89	51.46	146.36
205.04	11.36	146.36
205.04	2.45	146.37
119.99	202.93	146.40
179.84	118.29	146.43
94.80	238.56	146.43
85.35	260.83	146.43
195.59	78.19	146.43
123.14	198.48	146.45
198.74	64.83	146.46
189.29	96.01	146.48
126.29	194.02	146.51
201.89	42.55	146.52
176.69	122.74	146.54
129.44	189.56	146.57
78.54	287.55	146.60
132.59	185.10	146.62
91.02	243.01	146.64
172.96	127.19	146.71
201.33	33.64	146.71
135.42	180.20	146.74
198.29	55.91	146.76
201.43	24.73	146.77
185.49	100.11	146.78
191.80	82.27	146.79
201.48	15.82	146.80
201.47	6.91	146.80
169.78	131.34	146.81
87.98	247.18	146.81
138.18	175.88	146.81
81.77	265.03	146.83
195.07	68.97	146.84
141.45	171.47	146.84
166.74	135.86	146.85
144.70	167.06	146.87
78.53	278.76	146.87
163.68	140.35	146.87
147.92	162.64	146.89
160.58	144.84	146.89
151.13	158.20	146.90
182.68	104.75	146.90
157.46	149.31	146.90
154.31	153.76	146.91
198.33	47.07	146.93
189.01	87.22	146.96
85.10	252.03	146.96
104.15	216.23	146.97
107.31	211.78	146.98
101.03	220.70	146.98
110.64	207.17	146.99
198.74	38.09	147.00
179.85	109.34	147.00
75.90	291.99	147.00
98.07	225.02	147.00
195.64	60.35	147.01
113.74	202.93	147.01
192.57	73.67	147.02
116.99	198.53	147.04
94.93	229.71	147.05
199.02	29.16	147.05
79.32	269.63	147.06
199.15	2.47	147.07
120.27	194.12	147.07
199.17	20.26	147.07
199.21	11.37	147.08
176.95	113.96	147.09
186.42	91.71	147.10
123.55	189.73	147.11
91.96	234.26	147.11
82.50	256.55	147.12
126.84	185.34	147.14
196.06	51.77	147.15
76.26	283.33	147.16
174.03	118.53	147.17
130.13	180.94	147.18
89.04	238.84	147.19
171.08	123.08	147.23
189.71	78.18	147.25
192.89	64.81	147.26
183.48	95.99	147.28
196.11	42.54	147.29
132.57	176.17	147.32
135.72	171.71	147.37
79.60	260.81	147.39
138.87	167.26	147.41
167.21	127.17	147.42
76.43	274.17	147.42
73.24	296.45	147.43
85.31	242.98	147.45
142.01	162.80	147.45
195.56	33.63	147.46
164.06	131.62	147.47
145.16	158.34	147.49
195.56	6.91	147.51
160.91	136.07	147.51
195.56	24.73	147.51
148.31	153.89	147.52
195.56	15.82	147.53
179.81	100.44	147.53
157.76	140.52	147.53
151.46	149.43	147.53
154.61	144.98	147.54
192.40	55.90	147.55
186.10	82.62	147.56
104.21	207.34	147.61
101.06	211.80	147.62
189.25	69.26	147.62
107.36	202.89	147.62
97.91	216.25	147.64
110.51	198.43	147.65
82.15	247.43	147.66
113.66	193.97	147.68
94.76	220.70	147.68
176.65	104.89	147.69
192.40	46.99	147.71
116.81	189.52	147.72
72.69	287.53	147.75
91.61	225.16	147.75
119.96	185.06	147.76
182.95	87.07	147.79
123.11	180.61	147.81
192.40	38.09	147.83
173.50	109.34	147.83
75.84	265.25	147.85
88.45	229.61	147.85
192.40	2.46	147.85
126.26	176.15	147.86
189.24	60.35	147.87
192.39	29.18	147.89
192.40	11.37	147.90
186.09	73.71	147.90
78.99	251.89	147.91
192.39	20.27	147.91
129.41	171.69	147.91
170.34	113.79	147.94
132.56	167.24	147.97
85.30	234.06	147.98
72.68	278.62	147.98
179.79	91.52	147.99
135.70	162.78	148.02
167.19	118.24	148.03
189.24	51.45	148.05
138.85	158.32	148.07
164.04	122.69	148.10
142.00	153.87	148.11
82.14	238.51	148.14
145.15	149.41	148.15
160.89	127.14	148.15
182.93	78.16	148.16
186.08	64.80	148.17
148.30	144.96	148.18
189.23	42.54	148.18
176.63	95.97	148.18
157.74	131.59	148.18
151.45	140.50	148.19
154.59	136.05	148.20
75.83	256.34	148.20
101.05	202.87	148.21
104.20	198.41	148.21
107.35	193.96	148.22
97.90	207.32	148.22
189.24	6.91	148.24
110.50	189.50	148.24
72.67	269.71	148.24
94.75	211.78	148.26
189.23	33.63	148.26
69.52	291.98	148.27
113.65	185.05	148.27
189.23	15.82	148.28
189.23	24.73	148.29
91.59	216.23	148.31
116.80	180.59	148.31
78.98	242.97	148.34
173.48	100.42	148.35
119.95	176.14	148.36
186.08	55.90	148.38
88.44	220.69	148.38
179.78	82.61	148.40
123.10	171.68	148.41
182.92	69.25	148.46
126.25	167.22	148.47
69.51	283.07	148.47
85.29	225.14	148.49
170.33	104.86	148.49
129.40	162.77	148.53
186.07	46.99	148.53
72.67	260.79	148.54
186.08	2.46	148.56
75.82	247.42	148.58
132.55	158.31	148.59
167.18	109.31	148.61
176.62	87.05	148.61
82.13	229.59	148.62
186.07	38.08	148.62
186.08	11.37	148.63
135.69	153.85	148.65
186.07	29.18	148.67
186.07	20.27	148.67
69.50	274.16	148.69
182.92	60.34	148.69
164.02	113.76	148.70
138.84	149.39	148.71
179.77	73.70	148.73
101.04	193.95	148.75
104.19	189.49	148.75
141.99	144.94	148.76
97.89	198.40	148.76
107.34	185.04	148.76
160.87	118.21	148.77
78.97	234.05	148.78
94.74	202.86	148.78
110.49	180.58	148.79
145.13	140.48	148.80
173.47	91.50	148.81
66.34	296.43	148.81
157.73	122.66	148.81
113.65	176.13	148.82
91.58	207.31	148.83
148.28	136.02	148.83
154.58	127.12	148.84
151.43	131.57	148.84
116.79	171.67	148.86
182.91	51.44	148.87
72.66	251.87	148.87
88.43	211.77	148.89
66.84	287.52	148.89
119.94	167.21	148.92
69.50	265.24	148.93
182.92	6.92	148.95
85.28	216.22	148.97
182.91	42.54	148.98
176.61	78.15	148.98
123.09	162.75	148.98
167.92	101.46	148.98
75.81	238.50	148.98
170.31	95.95	148.98
179.76	64.79	148.99
130.14	154.90	149.00
182.92	15.82	149.01
82.63	220.66	149.03
182.91	33.63	149.03
70.28	257.42	149.04
182.91	24.73	149.04
126.24	158.30	149.05
174.24	83.69	149.07
66.88	278.60	149.07
73.44	244.06	149.07
133.31	150.48	149.07
79.75	226.23	149.07
67.90	269.72	149.08
164.81	105.97	149.09
101.83	186.15	149.12
180.30	55.88	149.12
104.98	181.70	149.12
98.68	190.61	149.13
181.33	47.00	149.13
136.49	146.06	149.13
177.41	70.37	149.14
108.14	177.25	149.14
95.53	195.07	149.14
180.56	1.35	149.14
181.35	11.36	149.16
111.30	172.81	149.17
92.39	199.55	149.18
161.69	110.46	149.18
77.43	229.63	149.19
139.66	141.63	149.19
181.38	38.09	149.20
64.84	292.00	149.20
90.04	202.91	149.21
114.46	168.37	149.21
171.94	87.09	149.21
181.39	20.27	149.21
181.40	29.18	149.23
142.03	138.32	149.23
159.35	113.82	149.23
116.83	165.07	149.25
87.71	206.25	149.25
71.18	247.45	149.26
144.40	135.00	149.26
157.01	117.17	149.27
178.29	60.36	149.28
147.56	130.56	149.29
68.05	260.82	149.30
153.86	121.65	149.30
119.21	161.75	149.30
150.71	126.11	149.30
75.14	233.00	149.32
175.16	73.73	149.32
84.58	210.74	149.33
179.35	6.89	149.34
169.64	90.47	149.34
64.94	283.09	149.34
179.11	50.37	149.36
122.38	157.33	149.37
126.32	153.25	149.38
65.74	273.10	149.39
69.13	251.95	149.40
179.37	42.56	149.41
79.09	220.77	149.41
166.77	96.07	149.41
179.37	15.81	149.41
129.46	149.52	149.41
81.47	215.24	149.42
173.07	78.23	149.43
176.23	64.85	149.44
72.28	238.60	149.45
101.11	180.68	149.45
179.38	24.72	149.46
104.26	176.23	149.46
179.38	33.64	149.46
97.97	185.14	149.46
107.41	171.78	149.47
94.82	189.59	149.48
164.13	100.51	149.49
132.61	145.07	149.50
110.56	167.32	149.51
62.86	296.48	149.51
91.67	194.05	149.51
66.01	265.30	149.52
176.72	2.44	149.56
113.70	162.87	149.56
75.93	225.22	149.56
88.52	198.50	149.56
176.73	55.93	149.57
63.37	287.56	149.57
135.76	140.61	149.58
170.43	82.67	149.59
160.98	104.96	149.60
85.37	202.95	149.63
69.64	243.03	149.63
116.85	158.42	149.64
138.91	136.16	149.65
173.58	69.30	149.65
176.72	11.36	149.67
66.50	256.39	149.67
157.82	109.42	149.68
176.73	47.01	149.69
142.06	131.70	149.71
82.22	207.40	149.72
63.36	278.65	149.72
120.00	153.96	149.73
176.72	20.27	149.74
154.67	113.87	149.74
72.78	229.67	149.75
145.21	127.24	149.75
176.72	38.09	149.76
151.52	118.33	149.77
148.37	122.79	149.77
176.72	29.18	149.77
167.28	87.13	149.79
79.07	211.85	149.82
123.15	149.51	149.83
173.57	60.38	149.87
101.10	171.76	149.87
97.95	176.22	149.88
63.35	269.74	149.88
104.25	167.31	149.88
94.81	180.67	149.90
170.42	73.75	149.91
107.40	162.85	149.92
66.48	247.48	149.93
91.66	185.12	149.93
126.30	145.05	149.93
173.56	6.90	149.95
75.92	216.30	149.96
164.12	91.58	149.96
69.63	234.12	149.96
88.51	189.58	149.98
110.55	158.40	149.98
173.57	51.46	150.02
129.45	140.59	150.04
85.36	194.03	150.04
173.56	15.81	150.05
63.34	260.83	150.06
113.69	153.95	150.07
173.56	42.55	150.11
160.96	96.04	150.11
72.77	220.75	150.11
173.56	24.72	150.11
82.21	198.48	150.12
60.20	292.01	150.13
173.56	33.64	150.13
132.60	136.14	150.14
167.26	78.20	150.15
170.41	64.83	150.16
116.84	149.49	150.19
170.40	2.45	150.21
79.06	202.93	150.21
66.47	238.56	150.21
157.81	100.49	150.22
135.75	131.68	150.23
60.19	283.10	150.25
97.95	167.30	150.26
101.09	162.84	150.26
63.32	251.92	150.27
94.80	171.75	150.28
104.24	158.39	150.30
69.61	225.20	150.30
138.90	127.22	150.30
91.65	176.20	150.31
154.66	104.94	150.31
119.99	145.04	150.31
75.91	207.38	150.33
170.40	11.36	150.33
170.41	55.92	150.34
88.50	180.66	150.35
142.05	122.77	150.36
164.11	82.66	150.36
151.50	109.40	150.37
60.18	274.19	150.37
107.39	153.94	150.38
145.20	118.31	150.39
148.35	113.85	150.39
85.35	185.11	150.41
170.40	20.27	150.43
167.25	69.29	150.43
170.40	47.00	150.44
123.14	140.58	150.45
72.75	211.84	150.47
170.40	29.18	150.48
82.20	189.56	150.49
170.40	38.09	150.49
60.17	265.28	150.50
110.54	149.48	150.50
63.31	243.01	150.50
66.46	229.65	150.51
160.95	87.11	150.55
126.29	136.12	150.57
79.05	194.02	150.58
167.25	6.90	150.59
97.94	158.38	150.62
94.79	162.83	150.63
69.60	216.29	150.63
167.25	60.37	150.64
113.69	145.03	150.65
60.16	256.37	150.65
101.09	153.93	150.65
91.64	167.29	150.66
164.10	73.74	150.68
75.90	198.47	150.68
129.44	131.66	150.70
57.02	296.46	150.70
88.49	171.74	150.70
157.80	91.56	150.70
167.24	15.81	150.71
85.34	176.19	150.76
63.30	234.10	150.76
167.24	51.46	150.77
104.23	149.47	150.77
167.24	24.73	150.80
116.84	140.57	150.80
132.59	127.21	150.81
72.75	202.92	150.81
57.01	287.55	150.82
66.45	220.74	150.82
164.09	2.45	150.83
82.19	180.65	150.83
154.64	96.02	150.83
60.15	247.46	150.84
167.24	42.55	150.84
167.24	33.64	150.84
135.74	122.75	150.90
160.94	78.19	150.91
79.04	185.10	150.91
164.09	64.82	150.92
151.49	100.47	150.93
107.38	145.02	150.94
69.59	207.37	150.95
94.79	153.92	150.96
119.98	136.11	150.96
138.89	118.29	150.96
164.09	11.36	150.97
148.34	104.92	150.99
91.64	158.37	150.99
142.04	113.83	151.00
97.93	149.47	151.01
56.41	278.64	151.01
145.19	109.38	151.01
75.89	189.55	151.01
63.29	225.19	151.03
88.49	162.82	151.04
56.45	269.73	151.07
164.08	55.91	151.08
85.34	167.28	151.09
164.08	20.27	151.09
123.13	131.65	151.12
110.53	140.56	151.12
66.44	211.82	151.12
59.52	238.55	151.13
72.74	194.00	151.13
82.18	171.73	151.15
56.53	260.82	151.15
157.19	82.64	151.18
101.08	145.01	151.20
163.53	29.18	151.22
163.58	47.00	151.23
160.47	69.28	151.24
163.61	38.09	151.25
160.40	6.91	151.26
78.46	176.18	151.27
56.47	251.57	151.29
125.62	126.93	151.32
69.02	198.13	151.33
59.71	229.37	151.34
154.21	86.86	151.34
113.04	135.88	151.35
62.90	216.05	151.36
75.44	180.40	151.37
160.45	15.72	151.39
56.71	243.05	151.40
129.22	122.65	151.41
160.64	60.42	151.41
91.42	149.36	151.41
88.28	153.81	151.41
53.73	292.00	151.43
104.14	140.35	151.43
157.57	2.39	151.43
66.23	203.00	151.43
151.28	91.69	151.43
157.66	73.77	151.44
85.05	158.63	151.44
72.59	185.17	151.44
160.94	24.73	151.46
53.86	283.09	151.46
82.28	162.87	151.47
116.86	131.81	151.47
161.08	51.44	151.48
132.49	118.58	151.48
94.81	145.26	151.48
53.96	274.17	151.48
161.21	33.65	151.49
60.43	220.62	151.49
148.50	96.09	151.50
161.25	42.54	151.50
54.09	265.25	151.51
57.35	233.99	151.51
79.36	167.45	151.52
69.91	189.73	151.52
136.05	113.96	151.53
158.18	11.11	151.54
63.65	207.58	151.54
145.52	100.62	151.55
54.31	256.31	151.55
139.30	109.56	151.56
142.46	105.11	151.57
76.49	172.05	151.57
155.08	78.45	151.58
107.58	136.37	151.59
158.29	65.14	151.59
120.22	127.52	151.63
66.96	194.00	151.65
98.23	140.97	151.65
158.31	20.27	151.67
54.22	247.45	151.68
57.51	225.18	151.70
60.74	211.81	151.71
72.72	176.18	151.73
158.38	55.91	151.73
154.62	6.91	151.79
157.77	29.18	151.82
151.46	82.63	151.83
110.52	131.62	151.83
123.12	122.71	151.83
69.57	180.63	151.84
85.32	149.44	151.86
63.27	198.45	151.86
82.17	153.90	151.86
157.76	47.00	151.87
157.76	38.09	151.87
53.82	238.54	151.87
79.02	158.35	151.89
51.19	296.45	151.90
154.61	69.27	151.91
88.47	144.98	151.92
101.07	136.07	151.92
51.28	287.54	151.95
154.61	15.82	151.95
75.87	162.81	151.95
151.46	2.46	151.97
66.42	185.08	151.98
126.27	118.25	151.98
148.31	87.08	151.99
56.97	216.26	152.00
72.72	167.26	152.03
60.12	202.90	152.04
113.67	127.16	152.04
53.81	229.63	152.04
91.62	140.52	152.05
50.65	269.72	152.07
50.65	278.63	152.08
154.61	24.73	152.08
50.66	260.81	152.09
154.61	60.36	152.09
129.41	113.79	152.10
145.16	91.53	152.11
63.26	189.53	152.13
69.57	171.71	152.13
50.66	251.90	152.14
151.46	73.72	152.14
104.22	131.61	152.15
151.46	11.37	152.16
154.61	33.64	152.17
132.56	109.34	152.18
154.60	51.45	152.19
142.01	95.98	152.19
154.60	42.55	152.21
50.66	242.99	152.22
135.71	104.88	152.23
138.86	100.43	152.23
56.96	207.35	152.23
53.81	220.72	152.24
116.81	122.69	152.24
94.77	136.06	152.24
66.41	176.17	152.25
60.11	193.99	152.29
151.46	20.28	152.31
79.01	149.43	152.32
75.86	153.89	152.33
148.31	6.92	152.33
50.65	234.08	152.35
148.30	78.17	152.35
82.16	144.97	152.36
151.45	64.81	152.36
72.71	158.34	152.37
107.37	127.14	152.38
63.26	180.62	152.39
119.96	118.23	152.43
151.45	29.19	152.44
69.56	162.80	152.44
53.80	211.80	152.45
85.31	140.51	152.45
97.92	131.59	152.47
56.96	198.44	152.47
151.45	55.90	152.49
145.15	2.47	152.49
50.65	225.17	152.50
151.45	38.09	152.51
148.30	15.83	152.52
145.15	82.61	152.53
151.45	47.00	152.53
66.41	167.25	152.54
60.11	185.07	152.54
47.49	256.36	152.59
123.11	113.77	152.59
47.48	265.27	152.60
88.46	136.04	152.60
148.29	69.26	152.61
110.51	122.67	152.61
47.49	247.45	152.62
47.48	274.18	152.64
63.25	171.71	152.66
141.99	87.06	152.67
148.30	24.74	152.67
53.80	202.89	152.67
50.65	216.26	152.68
47.47	283.09	152.69
47.49	238.54	152.69
145.15	11.38	152.70
47.47	292.00	152.70
101.06	127.12	152.71
56.95	189.53	152.72
126.25	109.31	152.72
138.84	91.51	152.77
148.29	60.35	152.77
148.29	33.64	152.78
72.70	149.42	152.79
60.10	176.16	152.80
91.61	131.58	152.80
47.49	229.62	152.80
129.40	104.86	152.80
75.86	144.96	152.81
69.55	153.88	152.81
135.69	95.96	152.83
113.66	118.21	152.84
145.14	73.71	152.84
132.54	100.41	152.84
148.29	42.55	152.85
142.00	6.93	152.85
148.29	51.45	152.85
66.40	158.33	152.87
79.01	140.50	152.87
145.14	20.29	152.87
50.64	207.35	152.89
53.80	193.98	152.90
47.49	220.71	152.95
63.25	162.79	152.95
56.95	180.61	152.96
104.21	122.66	152.96
138.85	2.47	152.97
82.16	136.03	152.99
145.14	29.19	153.02
94.76	127.11	153.03
141.98	78.15	153.04
145.13	64.80	153.04
116.80	113.74	153.04
141.99	15.84	153.05
44.32	251.91	153.05
60.10	167.25	153.07
44.33	242.99	153.07
44.32	260.82	153.08
50.64	198.43	153.10
47.49	211.80	153.12
145.14	38.10	153.12
44.33	234.08	153.13
53.79	185.07	153.14
145.13	55.90	153.15
44.31	269.73	153.15
85.30	131.56	153.16
145.13	47.00	153.17
138.84	11.38	153.20
138.83	82.60	153.20
56.94	171.70	153.21
107.35	118.19	153.21
119.94	109.28	153.22
141.99	24.74	153.22
44.33	225.17	153.23
44.30	278.64	153.25
69.55	144.95	153.26
66.40	149.41	153.26
141.98	69.25	153.29
97.90	122.64	153.29
63.24	153.87	153.30
72.70	140.49	153.31
47.48	202.89	153.32
135.69	6.93	153.32
50.64	189.52	153.33
135.68	87.04	153.33
44.29	287.55	153.34
123.09	104.83	153.35
141.98	33.65	153.36
44.28	296.45	153.36
88.45	127.10	153.36
53.79	176.16	153.37
44.33	216.25	153.37
60.09	158.33	153.37
75.85	136.02	153.39
138.84	20.29	153.40
132.53	91.49	153.41
41.67	247.46	153.42
132.54	2.48	153.42
126.23	100.38	153.43
141.98	60.35	153.43
41.67	238.54	153.43
129.38	95.93	153.45
141.98	42.55	153.45
41.67	256.37	153.46
110.50	113.72	153.46
78.99	132.28	153.47
141.98	51.45	153.48
56.94	162.78	153.48
47.99	193.96	153.48
101.04	118.91	153.49
42.67	274.18	153.49
44.84	207.33	153.49
41.69	229.62	153.49
51.14	180.60	153.50
138.82	73.70	153.51
114.42	110.37	153.52
139.35	29.21	153.52
91.59	123.38	153.54
41.69	265.29	153.54
135.69	15.84	153.54
54.31	167.23	153.57
82.94	128.22	153.57
136.46	79.26	153.58
133.32	10.29	153.58
45.89	198.45	153.58
41.71	220.71	153.59
42.75	283.09	153.59
49.05	185.09	153.59
139.61	65.92	153.60
104.23	115.97	153.61
64.04	146.08	153.61
139.62	36.99	153.61
137.25	24.73	153.62
140.41	55.91	153.62
140.41	47.00	153.62
42.76	211.82	153.62
67.20	141.62	153.62
52.22	171.73	153.63
60.90	150.55	153.63
116.83	107.11	153.65
94.78	120.47	153.65
130.98	6.91	153.65
69.58	138.29	153.66
42.80	292.00	153.67
58.55	153.91	153.67
39.66	243.00	153.68
134.16	82.64	153.69
39.67	234.09	153.70
39.68	251.91	153.72
128.66	3.56	153.72
85.33	124.99	153.72
71.95	135.01	153.72
134.97	21.38	153.72
56.22	157.26	153.73
43.63	201.80	153.74
46.78	188.43	153.74
119.21	103.85	153.75
49.94	175.08	153.76
137.36	33.64	153.76
39.72	225.18	153.76
137.36	69.27	153.77
138.39	42.53	153.78
131.83	86.01	153.78
138.40	60.38	153.79
106.61	112.79	153.79
39.74	260.82	153.79
40.51	215.19	153.81
132.10	15.78	153.81
40.53	270.83	153.81
135.77	29.16	153.82
138.40	51.45	153.82
75.13	130.61	153.83
44.43	194.02	153.83
53.11	161.77	153.84
47.58	180.66	153.85
122.39	99.43	153.85
97.18	117.27	153.85
128.70	90.51	153.85
41.28	207.38	153.86
79.06	127.26	153.87
135.27	73.76	153.87
129.46	11.34	153.88
38.15	238.54	153.88
125.56	94.99	153.88
50.73	167.30	153.88
87.74	121.74	153.89
40.79	278.61	153.89
38.15	247.45	153.90
38.14	229.64	153.91
110.57	108.75	153.94
60.17	145.05	153.95
63.31	140.60	153.95
135.77	38.08	153.96
126.31	6.88	153.96
132.61	24.71	153.97
38.15	256.35	153.98
57.02	149.50	153.98
101.10	113.92	153.98
38.13	220.74	153.99
135.77	64.83	154.00
66.46	136.15	154.00
91.65	118.36	154.01
132.62	78.21	154.01
123.15	2.43	154.02
40.83	287.53	154.03
53.87	153.94	154.04
135.77	46.99	154.04
41.28	198.47	154.05
44.43	185.11	154.05
47.57	171.75	154.06
135.77	55.91	154.06
82.20	122.81	154.07
113.71	105.00	154.08
69.61	131.70	154.09
40.85	296.45	154.10
129.46	20.25	154.10
38.15	265.25	154.11
38.13	211.83	154.11
50.72	158.39	154.14
132.61	33.62	154.15
129.47	82.67	154.17
126.30	15.80	154.21
72.75	127.24	154.23
116.86	100.53	154.24
132.62	69.29	154.24
44.42	176.20	154.25
41.27	189.56	154.26
34.98	234.09	154.27
104.25	109.45	154.27
38.12	202.92	154.27
132.61	42.54	154.28
126.32	87.13	154.28
47.57	162.84	154.28
38.15	274.16	154.28
123.15	11.34	154.29
34.98	242.99	154.29
34.98	225.19	154.30
94.80	113.90	154.30
129.46	29.17	154.30
85.35	118.35	154.31
120.01	96.06	154.32
123.17	91.60	154.34
120.00	6.89	154.34
132.61	60.37	154.35
132.61	51.45	154.35
34.99	251.90	154.37
34.97	216.28	154.38
116.85	2.43	154.38
57.01	140.58	154.40
75.90	122.79	154.40
53.86	145.03	154.41
60.16	136.13	154.42
126.30	24.71	154.43
44.41	167.29	154.45
50.71	149.48	154.46
129.46	73.74	154.46
38.12	194.02	154.47
129.45	38.08	154.47
41.27	180.65	154.47
38.15	283.07	154.47
63.30	131.68	154.49
34.97	207.37	154.51
34.98	260.80	154.52
123.15	20.26	154.53
107.40	104.98	154.54
47.56	153.93	154.55
129.45	46.99	154.59
88.49	113.88	154.59
66.45	127.23	154.59
120.00	15.80	154.60
129.46	64.82	154.61
97.94	109.43	154.61
79.04	118.33	154.62
126.30	33.62	154.62
38.15	291.99	154.64
129.45	55.91	154.64
31.82	229.63	154.64
41.26	171.74	154.65
116.84	11.35	154.65
126.31	78.20	154.65
31.82	238.54	154.66
44.41	158.38	154.67
34.96	198.47	154.68
31.82	220.73	154.68
38.11	185.10	154.68
113.69	6.89	154.69
110.54	2.44	154.70
34.98	269.71	154.72
69.60	122.77	154.74
31.82	247.44	154.75
123.15	29.17	154.75
110.55	100.51	154.76
31.81	211.82	154.76
126.30	42.54	154.78
123.15	82.66	154.81
41.26	162.83	154.83
119.99	24.71	154.84
50.70	140.57	154.84
53.85	136.12	154.85
126.30	69.28	154.86
82.19	113.86	154.87
47.55	145.02	154.88
38.11	176.19	154.88
126.30	51.45	154.88
34.96	189.56	154.89
57.00	131.66	154.89
31.82	256.35	154.89
31.81	202.92	154.90
91.64	109.41	154.90
113.70	96.04	154.90
116.84	20.26	154.91
120.00	87.12	154.91
72.74	118.31	154.92
126.30	60.36	154.92
101.09	104.96	154.93
123.14	38.08	154.93
44.40	149.47	154.95
116.85	91.58	154.95
113.69	15.80	154.95
34.98	278.62	154.96
60.14	127.21	154.96
110.54	11.35	154.98
104.24	2.44	154.98
107.39	6.90	154.99
28.66	225.18	155.00
28.66	234.09	155.02
38.10	167.28	155.02
28.65	216.27	155.04
41.25	153.92	155.05
119.99	33.63	155.05
63.29	122.75	155.07
123.15	73.74	155.08
31.80	194.01	155.08
123.14	46.99	155.08
28.66	242.99	155.09
31.81	265.26	155.11
34.95	180.64	155.12
75.89	113.85	155.13
28.65	207.37	155.14
116.84	29.17	155.14
85.34	109.40	155.15
123.14	55.91	155.17
123.14	64.82	155.18
38.10	158.37	155.19
34.97	287.53	155.20
113.69	24.72	155.21
66.44	118.30	155.22
104.24	100.49	155.22
97.93	2.44	155.23
94.79	104.94	155.23
119.99	42.54	155.24
28.66	251.90	155.24
110.54	20.26	155.24
34.95	171.73	155.25
101.08	6.90	155.25
47.54	136.10	155.26
107.38	15.81	155.26
104.23	11.35	155.27
119.99	78.19	155.28
50.69	131.65	155.28
44.39	140.56	155.28
28.65	198.46	155.28
31.80	185.10	155.31
53.84	127.20	155.33
41.24	145.01	155.33
25.50	220.73	155.35
116.84	38.08	155.35
25.50	229.63	155.36
34.94	162.82	155.36
119.99	51.45	155.37
79.03	109.39	155.38
25.50	211.82	155.40
69.59	113.84	155.40
56.99	122.74	155.41
38.09	149.46	155.42
25.50	238.54	155.43
119.99	69.27	155.43
113.68	33.63	155.44
116.84	82.65	155.44
91.63	2.45	155.44
119.99	60.36	155.45
107.39	96.02	155.45
88.48	104.93	155.47
28.64	189.55	155.48
94.78	6.90	155.48
31.18	274.17	155.48
34.49	296.45	155.49
110.53	29.18	155.49
25.49	202.91	155.50
97.93	11.36	155.51
107.38	24.72	155.52
116.83	47.00	155.53
60.14	118.28	155.53
31.80	176.18	155.53
101.08	15.81	155.53
34.94	153.91	155.54
104.23	20.27	155.54
113.69	87.10	155.55
28.03	260.81	155.55
110.54	91.56	155.56
31.79	167.27	155.57
97.93	100.47	155.58
72.73	109.37	155.61
85.33	2.45	155.62
24.95	247.45	155.63
113.68	42.54	155.64
116.83	55.91	155.66
44.39	131.64	155.66
82.18	104.92	155.67
41.24	136.09	155.67
63.28	113.83	155.67
88.48	6.91	155.68
47.53	127.19	155.69
24.91	194.00	155.71
116.29	73.73	155.72
110.53	38.09	155.72
91.63	11.36	155.72
21.91	225.18	155.73
31.20	158.36	155.73
21.89	216.27	155.73
37.46	140.55	155.75
116.34	64.82	155.75
31.44	283.30	155.76
94.78	15.82	155.76
79.03	2.45	155.78
106.78	33.64	155.80
28.16	180.64	155.80
21.88	234.39	155.80
28.79	178.04	155.80
21.80	207.01	155.80
49.97	122.43	155.80
97.62	20.71	155.81
28.17	269.57	155.82
34.40	144.71	155.82
103.55	29.51	155.83
25.06	256.23	155.83
100.38	25.05	155.83
113.22	51.72	155.84
91.67	100.14	155.85
53.48	118.14	155.86
28.06	171.75	155.86
81.50	7.15	155.86
66.28	109.07	155.87
75.66	104.70	155.88
22.09	198.51	155.88
28.38	162.86	155.88
22.20	242.97	155.89
31.52	149.58	155.89
25.19	185.21	155.89
113.52	78.23	155.89
85.33	11.49	155.90
72.71	2.53	155.90
110.61	47.04	155.91
113.79	60.38	155.92
101.08	96.01	155.93
57.01	114.09	155.93
88.84	15.67	155.94
113.99	69.26	155.94
31.93	292.02	155.95
85.71	100.68	155.95
19.57	220.73	155.96
76.09	6.61	155.96
107.80	42.32	155.96
92.29	19.99	155.97
19.65	211.78	155.97
28.99	154.12	155.97
22.71	189.77	155.98
19.74	229.69	155.99
104.92	37.74	155.99
38.64	131.90	155.99
41.83	127.45	156.00
66.43	2.46	156.01
35.57	136.41	156.01
110.94	82.86	156.01
29.10	278.78	156.01
25.80	265.08	156.02
69.79	105.20	156.02
22.71	251.67	156.02
26.00	176.52	156.02
94.78	24.73	156.03
25.89	167.27	156.04
44.66	123.12	156.04
79.03	11.37	156.04
111.06	55.91	156.04
19.56	202.91	156.05
97.93	29.18	156.05
60.41	109.75	156.05
101.08	33.64	156.05
79.33	100.88	156.08
69.58	6.91	156.08
104.84	91.79	156.09
60.13	2.46	156.09
108.05	87.42	156.10
82.18	15.82	156.11
19.62	238.54	156.11
31.78	140.54	156.11
47.53	118.27	156.13
95.08	96.41	156.15
25.48	158.36	156.15
72.73	11.37	156.16
53.83	2.46	156.16
85.33	20.28	156.17
63.28	6.91	156.17
107.37	51.46	156.18
110.52	64.82	156.19
28.63	145.00	156.19
19.18	194.00	156.20
22.33	180.63	156.20
110.52	73.73	156.21
88.48	24.73	156.22
50.68	113.81	156.22
47.53	2.46	156.22
75.88	15.82	156.23
63.28	104.90	156.24
56.98	6.91	156.25
104.22	47.00	156.25
66.43	11.37	156.25
91.63	29.19	156.26
72.73	100.44	156.26
22.33	171.73	156.28
41.23	2.46	156.28
101.07	42.55	156.28
94.78	33.64	156.28
97.92	38.10	156.29
25.48	149.45	156.30
16.02	216.27	156.30
79.03	20.28	156.30
50.68	6.91	156.31
53.83	109.35	156.32
88.48	95.98	156.32
16.02	207.36	156.33
22.33	162.82	156.33
34.93	2.46	156.33
60.13	11.37	156.33
69.58	15.82	156.33
107.37	60.37	156.34
16.02	225.18	156.34
19.18	185.09	156.34
19.17	247.46	156.35
44.38	6.91	156.36
29.17	287.55	156.36
22.32	260.82	156.36
82.18	24.73	156.37
28.63	2.46	156.38
34.93	127.17	156.38
53.83	11.37	156.39
38.08	122.72	156.39
31.78	131.63	156.39
16.02	198.45	156.40
82.18	95.98	156.40
38.08	6.91	156.40
72.73	20.28	156.41
63.28	15.83	156.41
66.43	100.44	156.42
85.33	29.19	156.42
41.23	118.26	156.43
22.33	2.46	156.43
104.22	55.91	156.43
22.32	153.90	156.43
28.62	136.08	156.43
107.37	69.27	156.44
16.02	234.09	156.44
25.46	274.19	156.44
47.53	11.37	156.44
107.37	78.18	156.44
56.98	104.89	156.45
31.78	6.92	156.45
19.17	176.18	156.46
88.48	33.64	156.47
56.98	15.83	156.48
44.38	113.80	156.48
41.23	11.37	156.48
16.03	2.46	156.49
75.88	24.74	156.49
101.07	51.46	156.49
75.88	95.98	156.49
25.48	6.92	156.49
66.43	20.28	156.50
25.47	140.54	156.50
91.62	38.10	156.50
16.02	189.54	156.51
19.17	167.27	156.51
97.92	47.01	156.51
94.77	42.55	156.52
34.93	11.37	156.52
50.68	15.83	156.53
19.18	6.92	156.54
9.73	2.46	156.55
79.03	29.19	156.55
47.53	109.35	156.56
60.13	20.28	156.56
28.63	11.37	156.56
44.38	15.83	156.57
69.58	24.74	156.58
104.22	64.82	156.58
60.13	100.44	156.58
19.17	158.36	156.58
22.32	144.99	156.59
12.87	211.82	156.60
12.88	6.92	156.60
69.58	95.98	156.60
38.08	15.83	156.60
22.33	11.37	156.61
82.18	33.65	156.61
53.83	20.28	156.61
16.01	243.01	156.61
3.43	2.46	156.62
12.87	220.73	156.62
16.02	180.63	156.62
12.87	202.91	156.63
19.16	256.37	156.63
31.78	15.83	156.64
63.28	24.74	156.65
50.68	104.89	156.65
97.92	91.51	156.65
47.53	20.28	156.65
72.73	29.19	156.65
16.03	11.37	156.66
6.58	6.92	156.66
85.32	38.10	156.66
101.07	60.37	156.66
25.48	15.83	156.68
104.22	73.73	156.68
104.21	82.63	156.68
41.23	20.28	156.69
31.77	122.71	156.69
16.02	171.72	156.70
12.87	193.99	156.70
85.33	91.52	156.70
88.47	42.56	156.70
56.98	24.74	156.70
28.62	127.17	156.70
91.63	91.51	156.70
19.17	149.45	156.70
34.92	118.26	156.71
12.86	229.64	156.71
97.92	55.92	156.71
9.73	11.37	156.71
19.18	15.83	156.72
34.93	20.28	156.72
91.62	47.01	156.72
75.88	33.65	156.72
94.77	51.46	156.73
63.28	95.98	156.73
79.03	91.52	156.73
66.43	29.19	156.73
25.47	131.62	156.73
22.30	269.74	156.74
38.07	113.80	156.74
50.68	24.74	156.74
28.63	20.28	156.75
16.02	162.81	156.75
53.83	100.44	156.75
12.88	15.83	156.77
44.38	24.74	156.77
3.43	11.37	156.78
22.32	136.08	156.79
79.03	38.10	156.79
60.13	29.19	156.79
22.33	20.28	156.79
72.73	91.52	156.79
41.22	109.35	156.79
12.87	185.08	156.79
38.08	24.74	156.80
28.58	296.47	156.81
101.07	69.28	156.81
69.58	33.65	156.81
6.58	15.83	156.82
53.83	29.19	156.83
16.03	20.28	156.83
31.78	24.74	156.83
16.02	153.90	156.84
82.17	42.56	156.84
44.37	104.89	156.85
25.48	24.74	156.86
47.53	29.19	156.86
19.17	140.53	156.86
12.86	238.55	156.86
56.98	95.98	156.87
63.28	33.65	156.87
25.44	283.11	156.87
12.87	176.18	156.87
16.00	251.92	156.87
97.92	64.83	156.87
66.43	91.52	156.87
72.73	38.10	156.88
9.71	207.36	156.88
85.32	47.01	156.88
9.73	20.28	156.88
41.23	29.19	156.89
9.71	216.27	156.89
19.18	24.74	156.90
88.47	51.47	156.91
94.77	60.37	156.91
9.71	198.45	156.91
101.06	78.18	156.91
34.93	29.19	156.91
56.98	33.65	156.91
91.62	55.92	156.92
101.06	87.07	156.92
12.87	167.27	156.92
47.52	100.43	156.93
3.43	20.28	156.94
28.63	29.19	156.94
12.88	24.74	156.94
75.88	42.56	156.94
66.43	38.10	156.94
50.68	33.65	156.95
82.18	87.07	156.95
16.02	144.99	156.96
9.71	225.19	156.97
75.88	87.07	156.97
22.33	29.19	156.97
9.71	189.54	156.97
28.62	118.26	156.97
44.38	33.65	156.97
60.13	91.52	156.98
25.47	122.71	156.98
88.48	87.06	156.98
31.77	113.80	156.98
12.87	158.36	156.99
6.58	24.74	156.99
19.14	265.30	156.99
79.03	47.01	156.99
60.13	38.10	156.99
38.08	33.65	157.00
22.32	127.17	157.00
97.92	73.73	157.01
16.03	29.19	157.01
50.67	95.98	157.01
34.92	109.35	157.01
69.58	42.56	157.01
69.58	87.07	157.02
31.78	33.65	157.02
53.83	38.10	157.03
82.17	51.47	157.03
9.71	180.63	157.04
25.48	33.65	157.05
19.17	131.62	157.05
9.73	29.19	157.05
94.77	69.28	157.05
38.07	104.89	157.05
47.53	38.10	157.06
85.32	55.92	157.06
63.28	42.56	157.07
91.62	64.83	157.07
72.73	47.01	157.07
88.47	60.37	157.07
19.18	33.65	157.08
12.87	149.45	157.08
41.23	38.10	157.08
63.28	87.07	157.09
53.83	91.53	157.09
9.72	171.72	157.10
98.39	86.95	157.10
12.85	247.47	157.10
41.22	100.44	157.10
34.93	38.10	157.10
9.70	234.10	157.11
3.43	29.19	157.11
56.98	42.56	157.11
94.78	87.06	157.11
16.02	136.08	157.12
12.88	33.65	157.12
79.03	82.62	157.12
75.88	51.47	157.12
28.63	38.10	157.13
85.33	82.62	157.13
66.43	47.01	157.13
50.68	42.56	157.14
72.73	82.62	157.14
6.56	202.91	157.14
9.71	162.81	157.15
97.92	82.64	157.15
22.33	38.10	157.15
6.56	211.82	157.15
94.77	78.18	157.15
44.37	95.98	157.16
79.03	55.92	157.16
44.38	42.56	157.16
6.58	33.65	157.17
91.63	82.62	157.17
6.56	194.00	157.17
56.98	87.07	157.17
91.62	73.73	157.18
60.13	47.01	157.18
66.43	82.62	157.18
82.17	60.37	157.18
38.08	42.56	157.18
16.03	38.10	157.19
69.58	51.47	157.19
22.28	278.67	157.19
88.47	69.28	157.19
85.32	64.82	157.19
12.87	140.53	157.20
31.78	42.56	157.21
88.48	78.18	157.21
53.83	47.01	157.21
9.71	153.90	157.21
6.55	220.73	157.21
47.52	91.53	157.22
25.47	113.80	157.22
82.18	78.17	157.22
15.99	260.84	157.22
6.56	185.09	157.22
28.62	109.35	157.22
22.32	118.26	157.23
9.73	38.10	157.23
72.73	55.92	157.23
75.88	78.17	157.23
25.48	42.56	157.23
63.28	51.47	157.23
47.53	47.01	157.24
85.33	73.73	157.24
31.77	104.89	157.24
60.13	82.62	157.25
19.17	122.71	157.25
75.88	60.37	157.26
69.58	78.17	157.26
19.18	42.56	157.26
41.23	47.01	157.26
82.18	69.27	157.26
79.03	64.82	157.27
56.98	51.47	157.27
6.56	176.18	157.27
34.92	100.44	157.27
50.68	87.07	157.27
79.03	73.72	157.28
66.43	55.92	157.28
3.43	38.10	157.28
34.93	47.01	157.28
16.02	127.17	157.29
12.88	42.56	157.30
50.68	51.47	157.30
63.28	78.17	157.30
72.73	73.72	157.30
38.07	95.98	157.30
69.58	60.37	157.31
75.88	69.27	157.31
28.63	47.01	157.31
9.71	144.99	157.31
6.56	167.27	157.31
25.41	292.03	157.31
60.13	55.92	157.32
72.73	64.82	157.32
53.83	82.62	157.32
9.70	243.02	157.32
44.38	51.47	157.33
22.33	47.01	157.33
66.43	73.72	157.34
6.55	229.65	157.34
41.22	91.53	157.34
6.58	42.56	157.34
69.58	69.27	157.34
63.28	60.37	157.35
53.83	55.92	157.35
12.87	131.62	157.35
38.08	51.47	157.35
66.43	64.82	157.36
56.98	78.17	157.36
6.56	158.36	157.36
16.03	47.01	157.36
44.38	87.08	157.37
60.13	73.72	157.38
31.78	51.47	157.38
47.53	55.92	157.38
63.28	69.27	157.38
56.98	60.37	157.38
60.13	64.82	157.39
3.41	198.45	157.40
47.53	82.62	157.40
3.40	207.36	157.40
9.73	47.01	157.40
25.48	51.47	157.41
41.23	55.92	157.41
50.68	60.37	157.42
3.41	189.54	157.42
56.98	69.27	157.42
50.68	78.17	157.42
25.47	104.89	157.43
22.32	109.35	157.43
53.83	73.72	157.43
9.72	136.08	157.43
53.83	64.82	157.43
12.84	256.39	157.43
6.56	149.45	157.43
28.62	100.44	157.43
19.18	51.47	157.43
34.93	55.92	157.44
19.17	113.80	157.44
31.77	95.98	157.45
44.38	60.37	157.45
19.12	274.22	157.45
3.41	180.63	157.45
3.40	216.28	157.45
3.43	47.01	157.45
34.92	91.53	157.46
50.68	69.27	157.46
16.02	118.26	157.46
47.53	64.82	157.47
12.88	51.47	157.47
28.63	55.92	157.47
38.08	87.08	157.48
38.08	60.37	157.48
47.53	73.72	157.48
3.41	171.72	157.48
41.23	82.63	157.49
44.38	78.18	157.49
22.33	55.92	157.50
12.87	122.71	157.50
41.23	64.82	157.51
44.38	69.27	157.51
6.58	51.47	157.51
31.78	60.37	157.52
3.41	162.81	157.52
6.56	140.54	157.52
16.03	55.92	157.53
6.54	238.56	157.53
41.23	73.73	157.54
34.93	64.83	157.55
25.48	60.37	157.55
38.08	69.28	157.56
38.08	78.18	157.56
9.72	127.17	157.56
3.40	225.19	157.56
3.41	153.90	157.57
34.93	82.63	157.57
9.73	55.92	157.57
31.78	87.08	157.58
28.62	91.53	157.58
25.47	95.99	157.58
19.18	60.38	157.58
28.63	64.83	157.59
22.32	100.44	157.59
34.93	73.73	157.59
19.17	104.90	157.60
31.78	69.28	157.60
16.02	109.35	157.62
3.43	55.92	157.62
12.88	60.38	157.62
9.68	251.94	157.62
22.33	64.83	157.63
31.78	78.18	157.63
6.56	131.62	157.63
3.41	144.99	157.64
12.87	113.80	157.65
25.48	69.28	157.65
28.63	73.73	157.65
28.63	82.63	157.65
16.03	64.83	157.67
15.97	269.77	157.67
6.58	60.38	157.67
25.48	87.08	157.67
9.72	118.26	157.69
22.32	91.54	157.69
25.48	78.18	157.69
19.18	69.28	157.70
22.25	287.59	157.71
22.33	73.73	157.71
19.17	95.99	157.71
9.73	64.83	157.72
3.41	136.08	157.72
22.33	82.64	157.73
16.02	100.44	157.74
3.39	234.11	157.74
6.57	122.72	157.75
12.88	69.28	157.75
19.18	78.19	157.76
12.87	104.90	157.76
16.03	73.73	157.77
19.18	87.09	157.77
3.43	64.83	157.77
9.72	109.35	157.80
16.03	91.54	157.80
6.58	69.29	157.81
6.53	247.49	157.81
16.03	82.64	157.81
3.42	127.17	157.82
9.73	73.74	157.83
12.88	78.19	157.83
12.87	95.99	157.84
6.57	113.81	157.85
12.82	265.32	157.86
12.88	87.09	157.86
9.72	100.45	157.88
9.73	82.64	157.89
3.43	73.74	157.89
6.58	78.19	157.90
3.42	118.26	157.91
19.62	283.18	157.91
9.72	91.54	157.91
6.57	104.90	157.92
3.89	243.04	157.94
6.58	87.09	157.96
10.19	260.89	157.96
6.57	96.00	157.96
3.42	109.36	157.98
3.43	82.64	157.98
23.03	295.37	157.98
16.76	277.56	158.02
3.42	100.45	158.02
3.42	91.55	158.02
7.32	255.28	158.03
1.03	237.45	158.05
5.02	251.91	158.15
14.47	274.18	158.15
20.84	292.00	158.25
2.70	248.52	158.26
12.15	270.79	158.26
6.64	260.76	158.38
9.05	266.27	158.39
18.53	288.52	158.46
16.11	283.02	158.49
3.48	256.32	158.51
12.95	278.57	158.67
9.79	274.13	158.80
19.27	296.40	158.86
6.63	269.68	158.90
3.47	265.23	159.00
16.09	291.95	159.17
12.93	287.50	159.37
9.77	283.05	159.48
6.61	278.60	159.55
3.46	274.15	159.60
12.62	296.59	160.24
9.62	292.05	160.32
3.36	283.12	160.34
6.52	287.57	160.34
3.41	292.04	161.20
6.55	296.50	161.27
