300.41	288.89	104.50
303.11	287.30	105.81
303.15	296.27	106.52
305.59	291.71	107.16
305.31	283.88	108.39
302.00	279.48	108.67
307.62	296.46	108.79
307.58	287.52	108.83
309.90	292.01	110.10
306.43	278.38	110.54
303.40	273.90	110.72
309.26	282.94	110.80
300.04	269.55	111.07
311.96	296.47	111.55
311.81	287.42	111.71
305.89	269.64	112.31
302.71	265.19	112.37
309.10	274.07	112.58
314.09	292.00	113.02
311.80	278.43	113.07
305.13	261.80	113.31
301.96	257.34	113.34
308.24	266.38	113.49
313.74	283.09	113.52
310.41	269.72	113.77
302.62	251.99	113.92
305.74	256.44	113.94
308.87	260.88	114.20
312.62	273.33	114.25
305.79	247.48	114.49
316.16	296.43	114.53
302.65	243.04	114.56
308.92	251.92	114.66
316.06	287.60	114.68
308.95	243.01	114.89
305.81	238.57	114.91
312.59	265.30	115.00
302.67	234.11	115.12
312.09	247.45	115.14
312.11	238.55	115.15
308.96	234.10	115.18
315.57	278.41	115.23
312.63	256.36	115.28
315.26	234.09	115.34
315.25	242.99	115.39
305.82	229.65	115.40
312.11	229.64	115.44
318.41	238.54	115.48
321.56	234.09	115.54
318.41	229.64	115.57
308.97	224.62	115.74
328.38	234.22	115.77
315.68	224.89	115.78
302.30	224.93	115.78
315.39	251.86	115.78
324.73	229.31	115.79
315.27	269.73	115.81
324.73	238.58	115.81
321.41	225.39	115.89
315.01	260.81	115.93
321.10	242.79	115.95
318.04	247.26	115.97
312.12	220.72	116.03
331.02	238.56	116.03
305.81	220.72	116.05
318.25	291.98	116.09
318.42	220.71	116.14
331.02	229.62	116.19
327.87	225.16	116.25
334.19	234.07	116.35
308.96	216.25	116.39
317.98	282.98	116.39
324.72	220.70	116.39
315.27	216.24	116.43
302.66	216.24	116.47
321.57	216.24	116.61
317.61	274.15	116.77
327.89	243.11	116.78
312.12	211.77	116.79
305.81	211.77	116.81
318.49	256.40	116.84
331.04	220.68	116.87
318.42	211.77	116.90
334.20	225.14	116.91
327.88	216.22	116.96
324.73	211.76	117.15
308.96	207.29	117.21
324.79	247.59	117.23
337.39	229.61	117.23
321.66	252.01	117.24
315.27	207.29	117.25
302.66	207.29	117.28
336.81	237.77	117.30
318.60	265.29	117.39
321.58	207.29	117.42
333.54	242.23	117.47
334.21	216.21	117.53
331.05	211.74	117.57
320.30	296.45	117.60
337.38	220.67	117.63
312.12	202.81	117.66
305.81	202.81	117.67
320.22	287.54	117.72
327.89	207.28	117.73
318.43	202.81	117.76
320.17	260.82	117.79
339.80	233.02	117.82
340.02	225.15	117.88
308.96	200.53	117.89
324.75	203.56	117.90
315.26	200.56	117.92
302.67	200.59	117.95
331.01	245.30	117.97
336.54	212.92	118.01
334.16	209.56	118.01
320.00	278.63	118.03
321.56	200.69	118.06
338.87	216.27	118.08
331.80	206.28	118.08
319.92	269.72	118.14
322.27	257.46	118.18
312.11	197.80	118.19
305.82	197.81	118.21
341.90	229.63	118.24
341.15	219.68	118.25
328.59	201.92	118.25
318.40	197.83	118.26
328.58	248.40	118.31
324.70	198.55	118.38
325.36	252.83	118.43
337.27	207.43	118.46
340.41	211.87	118.52
334.13	202.98	118.53
343.53	225.18	118.56
308.97	194.09	118.60
340.32	238.39	118.60
315.26	194.09	118.62
302.67	194.09	118.68
330.99	198.52	118.70
321.55	194.08	118.73
343.56	216.30	118.74
337.20	242.74	118.74
343.52	234.02	118.93
327.85	194.06	118.95
340.43	202.95	119.08
312.12	189.61	119.11
337.29	198.50	119.13
343.58	207.39	119.14
318.41	189.61	119.15
322.31	292.01	119.16
305.82	189.61	119.16
346.71	220.73	119.17
322.50	265.21	119.23
321.75	274.18	119.26
334.15	194.04	119.28
324.71	189.60	119.29
346.73	211.83	119.35
322.19	283.12	119.37
346.71	229.61	119.39
331.01	189.58	119.53
315.26	185.13	119.65
343.60	198.47	119.67
308.97	185.13	119.68
321.56	185.12	119.70
340.45	194.02	119.72
349.89	216.27	119.74
346.75	202.92	119.74
302.67	185.12	119.81
327.86	185.11	119.85
325.02	260.98	119.85
334.57	247.52	119.86
337.31	189.56	119.86
350.47	225.51	120.00
350.40	207.37	120.00
334.36	184.82	120.13
327.97	256.41	120.14
331.12	251.94	120.14
318.41	180.42	120.22
312.12	180.49	120.23
347.02	194.28	120.26
324.82	180.60	120.26
353.04	211.81	120.28
343.71	189.80	120.28
349.81	198.51	120.30
352.93	220.75	120.30
306.20	180.76	120.31
331.10	181.13	120.36
339.84	185.30	120.38
352.56	203.20	120.42
346.56	238.46	120.43
349.58	233.92	120.49
343.27	242.89	120.58
337.32	180.62	120.66
324.34	269.81	120.66
355.61	216.27	120.69
324.44	296.45	120.70
352.59	229.65	120.72
321.56	176.15	120.73
315.26	176.15	120.75
356.23	207.36	120.80
327.87	176.15	120.80
349.92	189.53	120.81
324.36	287.51	120.83
346.77	185.07	120.85
308.96	176.14	120.86
353.08	193.98	120.87
324.24	278.62	120.94
334.17	176.15	120.96
343.62	180.61	120.99
356.23	198.44	121.03
302.66	176.12	121.06
356.25	225.21	121.14
340.24	247.23	121.19
340.47	176.14	121.20
359.40	211.82	121.25
324.72	171.67	121.26
318.41	171.66	121.28
359.40	202.90	121.30
331.02	171.67	121.33
353.08	185.06	121.35
312.11	171.65	121.38
349.93	180.60	121.39
356.24	189.52	121.40
359.42	220.75	121.48
337.32	171.67	121.49
346.78	176.13	121.52
359.40	193.98	121.55
305.80	171.63	121.58
362.56	207.36	121.71
343.63	171.66	121.72
336.75	251.21	121.76
327.87	167.19	121.78
321.56	167.18	121.79
362.56	198.44	121.80
334.17	167.19	121.85
362.58	216.30	121.85
356.24	180.59	121.87
315.26	167.17	121.89
353.09	176.13	121.92
359.40	185.05	121.92
327.56	265.51	121.94
349.30	242.19	121.94
333.55	255.51	121.99
340.48	167.19	122.00
330.40	259.93	122.03
349.94	171.66	122.04
362.56	189.51	122.05
356.31	234.21	122.05
308.95	167.15	122.09
353.16	238.72	122.10
361.87	224.22	122.13
359.45	229.73	122.15
365.73	202.90	122.16
331.02	163.42	122.20
324.71	163.42	122.21
346.78	167.19	122.23
365.74	211.84	122.24
326.46	292.00	122.26
302.63	167.88	122.27
337.33	163.44	122.28
365.72	193.98	122.28
318.40	163.44	122.29
361.80	181.66	122.30
355.49	172.73	122.30
326.42	274.18	122.32
595.60	0.41	122.32
345.99	246.48	122.34
342.85	163.83	122.37
359.40	176.12	122.38
364.94	219.63	122.39
312.90	163.82	122.39
367.31	207.36	122.39
367.31	198.45	122.40
352.29	168.32	122.41
364.92	186.18	122.42
326.35	283.09	122.42
327.86	160.59	122.50
305.82	165.06	122.51
334.16	160.60	122.51
349.91	165.08	122.53
367.20	189.54	122.55
321.56	160.66	122.57
340.46	160.69	122.60
367.16	216.27	122.60
597.97	3.45	122.64
346.74	162.16	122.64
369.27	202.90	122.64
362.98	176.25	122.66
359.31	171.06	122.66
356.18	167.34	122.69
365.61	180.68	122.69
369.26	194.02	122.70
315.26	160.80	122.71
331.01	158.47	122.72
343.61	249.44	122.74
337.31	158.46	122.76
308.99	162.22	122.76
324.72	158.47	122.77
369.24	211.78	122.78
362.93	229.50	122.79
353.04	162.89	122.84
368.76	185.12	122.85
343.60	158.44	122.87
365.58	225.11	122.87
318.43	158.47	122.90
360.01	234.99	122.91
302.69	162.94	122.98
340.32	252.37	122.99
371.90	198.45	123.00
356.83	239.39	123.00
349.90	158.43	123.05
352.94	243.47	123.05
371.90	207.35	123.07
371.91	189.56	123.09
368.74	220.67	123.09
365.63	171.77	123.09
362.48	167.32	123.09
312.13	158.47	123.12
359.34	162.87	123.16
368.78	176.21	123.17
334.16	153.99	123.18
340.46	153.98	123.21
327.87	153.99	123.23
356.20	158.41	123.30
371.93	180.66	123.31
346.75	153.97	123.32
321.57	153.99	123.35
371.91	216.24	123.36
472.76	2.37	123.40
349.85	247.26	123.40
479.05	2.37	123.41
375.07	194.00	123.42
305.83	158.45	123.43
375.07	202.90	123.44
592.51	2.29	123.45
353.05	153.95	123.49
466.46	2.39	123.53
375.08	185.10	123.54
365.64	162.85	123.55
368.79	167.30	123.55
315.28	153.98	123.57
485.34	2.38	123.59
362.50	158.40	123.61
337.53	256.63	123.61
337.31	149.51	123.61
371.94	171.75	123.62
343.61	149.50	123.65
331.02	149.51	123.66
375.07	211.80	123.66
328.60	296.46	123.71
329.16	270.29	123.73
359.35	153.94	123.73
349.91	149.49	123.75
460.17	2.41	123.75
375.09	176.19	123.76
324.72	149.51	123.78
365.62	234.03	123.81
378.23	198.45	123.83
378.23	189.55	123.84
368.77	229.59	123.84
328.47	287.56	123.85
308.98	153.97	123.87
362.48	238.48	123.91
328.43	278.62	123.92
356.21	149.48	123.92
491.64	2.40	123.93
371.93	225.15	123.95
475.90	6.86	123.96
469.61	6.87	123.96
378.24	180.64	123.97
368.80	158.38	123.98
318.42	149.50	123.99
378.23	207.35	123.99
371.95	162.83	123.99
340.46	145.03	124.03
453.86	2.43	124.03
365.65	153.93	124.04
346.76	145.03	124.05
375.10	167.28	124.06
334.17	145.03	124.07
595.32	7.26	124.07
463.31	6.88	124.08
331.30	265.40	124.08
482.20	6.87	124.09
375.09	220.71	124.13
362.51	149.47	124.15
353.06	145.02	124.15
334.50	260.85	124.17
327.87	145.03	124.19
378.25	171.73	124.20
381.39	194.00	124.22
381.40	185.09	124.26
302.67	153.94	124.26
457.01	6.89	124.26
312.12	149.48	124.27
359.58	243.29	124.28
359.36	145.01	124.32
447.56	2.44	124.34
347.32	252.02	124.37
321.57	145.02	124.38
371.96	153.92	124.40
381.97	202.90	124.41
343.61	140.56	124.41
375.11	158.37	124.41
488.79	7.30	124.43
349.91	140.56	124.44
368.81	149.46	124.44
598.27	11.53	124.45
498.21	2.80	124.45
337.31	140.56	124.45
382.02	176.18	124.47
378.91	216.63	124.48
466.46	11.35	124.48
450.71	6.90	124.50
473.03	11.74	124.53
378.83	162.82	124.53
356.21	140.55	124.54
365.97	144.57	124.58
331.09	140.00	124.62
460.20	11.92	124.62
479.01	11.74	124.63
381.73	167.08	124.66
381.77	211.67	124.66
384.94	189.54	124.66
356.24	247.58	124.67
305.71	149.28	124.68
315.13	144.83	124.69
441.02	2.56	124.69
384.77	180.66	124.69
384.71	198.43	124.70
362.62	140.38	124.71
453.86	11.36	124.73
494.77	6.85	124.74
324.82	140.63	124.74
444.42	6.62	124.75
346.76	136.30	124.76
374.83	149.58	124.77
485.10	11.17	124.77
353.09	136.46	124.78
384.14	171.59	124.78
377.93	154.07	124.79
340.44	136.43	124.79
371.47	145.20	124.79
380.84	158.67	124.84
371.71	233.98	124.84
374.85	229.51	124.84
503.80	2.31	124.84
384.21	207.15	124.84
359.06	136.51	124.86
586.35	2.38	124.87
469.62	15.11	124.88
334.42	136.45	124.88
447.86	10.94	124.88
377.85	224.97	124.89
368.43	238.39	124.91
463.62	15.39	124.91
368.81	140.54	124.91
387.25	185.09	124.95
318.70	140.94	124.96
309.21	145.33	124.96
387.24	194.00	124.98
343.48	256.01	125.01
434.95	2.46	125.01
457.00	15.83	125.02
384.57	162.81	125.03
380.91	220.74	125.04
365.66	136.08	125.05
475.91	15.84	125.05
438.10	6.92	125.06
364.96	242.74	125.07
387.72	176.18	125.08
589.84	6.72	125.08
327.86	136.07	125.11
349.91	131.62	125.12
356.21	131.62	125.14
450.70	15.83	125.15
491.66	11.39	125.15
343.61	131.62	125.15
441.25	11.38	125.16
378.27	144.99	125.17
375.12	140.53	125.19
330.64	274.28	125.19
381.42	149.45	125.20
330.63	291.96	125.21
387.73	202.91	125.21
387.72	167.27	125.22
501.11	6.94	125.22
352.87	251.69	125.23
362.51	131.62	125.23
482.21	15.85	125.25
337.31	131.61	125.26
371.97	136.08	125.26
384.57	153.90	125.28
444.40	15.84	125.31
384.58	216.29	125.32
428.65	2.47	125.36
321.56	136.06	125.36
431.80	6.92	125.36
312.10	140.51	125.37
368.82	131.62	125.38
460.15	20.30	125.38
466.46	20.31	125.40
390.88	180.63	125.40
390.88	189.55	125.41
434.95	11.38	125.41
387.73	158.35	125.42
330.52	283.07	125.42
453.85	20.30	125.43
353.06	127.16	125.43
331.01	131.60	125.43
510.57	2.50	125.44
359.36	127.16	125.46
346.76	127.15	125.47
390.88	171.72	125.47
302.65	144.95	125.48
472.76	20.31	125.49
438.10	15.84	125.51
381.42	140.53	125.52
447.55	20.30	125.53
378.27	136.07	125.53
390.89	198.46	125.53
365.67	127.16	125.54
387.74	211.84	125.55
488.52	15.87	125.55
384.57	144.99	125.56
340.46	127.15	125.57
592.41	11.45	125.58
497.97	11.42	125.58
375.12	131.62	125.58
390.88	162.81	125.61
362.54	247.55	125.64
387.73	149.44	125.65
441.25	20.30	125.66
479.06	20.33	125.67
324.70	131.59	125.68
425.50	6.93	125.68
371.97	127.16	125.69
428.65	11.38	125.69
315.25	136.04	125.70
422.34	2.47	125.72
356.21	122.69	125.73
507.42	6.98	125.74
334.16	127.14	125.74
431.80	15.84	125.74
362.51	122.70	125.75
349.91	122.69	125.76
457.01	24.77	125.76
394.04	185.09	125.78
394.04	176.18	125.79
450.70	24.77	125.79
463.31	24.78	125.79
390.88	153.90	125.79
305.80	140.48	125.81
390.90	207.38	125.81
368.82	122.70	125.83
434.95	20.30	125.84
381.42	131.62	125.84
384.58	136.07	125.85
343.61	122.68	125.86
394.04	167.26	125.86
444.40	24.76	125.87
394.05	194.01	125.87
595.54	15.93	125.88
378.27	127.16	125.88
381.45	229.69	125.89
378.30	234.16	125.89
469.61	24.79	125.89
387.73	140.53	125.90
494.82	15.90	125.95
485.37	20.35	125.95
384.61	225.23	125.96
375.12	122.70	125.97
516.88	2.53	125.97
327.85	127.12	125.98
438.10	24.76	125.98
422.34	11.38	125.98
375.16	238.63	125.98
425.49	15.84	125.99
394.04	158.35	125.99
359.36	118.23	126.00
390.88	144.98	126.00
318.40	131.57	126.00
419.19	6.93	126.02
365.66	118.24	126.02
337.30	122.67	126.02
353.06	118.23	126.03
428.65	20.30	126.04
475.92	24.80	126.07
504.28	11.45	126.07
387.76	220.77	126.08
416.04	2.47	126.09
394.06	202.93	126.09
371.97	118.24	126.10
453.86	29.23	126.11
308.94	136.01	126.11
447.55	29.23	126.11
349.98	255.98	126.12
431.80	24.76	126.13
346.76	118.22	126.13
384.58	127.16	126.13
598.68	20.40	126.13
460.16	29.24	126.15
387.73	131.62	126.15
394.04	149.44	126.15
397.20	180.64	126.15
381.42	122.70	126.16
397.20	171.72	126.17
441.25	29.22	126.17
340.59	260.45	126.18
372.01	243.12	126.19
390.88	136.07	126.21
397.21	189.55	126.22
378.27	118.24	126.23
397.20	162.81	126.24
362.51	113.78	126.25
466.46	29.25	126.25
331.00	122.66	126.25
390.92	216.32	126.25
359.41	252.10	126.26
419.19	15.84	126.26
422.34	20.30	126.26
434.95	29.22	126.26
513.73	7.01	126.26
368.81	113.78	126.27
356.21	113.77	126.28
340.45	118.21	126.29
321.54	127.10	126.29
416.04	11.38	126.29
425.50	24.76	126.30
333.65	268.87	126.30
491.68	20.37	126.32
482.22	24.82	126.32
394.04	140.53	126.33
375.12	113.78	126.34
397.20	153.90	126.35
412.89	6.93	126.36
349.90	113.76	126.37
428.65	29.21	126.39
397.22	198.47	126.39
387.73	122.70	126.40
312.09	131.54	126.40
444.41	33.69	126.40
450.71	33.69	126.41
384.57	118.25	126.41
501.13	15.93	126.41
472.77	29.27	126.42
390.88	127.16	126.43
438.10	33.68	126.44
409.73	2.47	126.46
394.07	211.86	126.46
381.42	113.79	126.46
457.01	33.70	126.46
365.66	109.32	126.47
523.19	2.56	126.49
397.20	144.98	126.49
371.96	109.33	126.49
582.87	6.40	126.49
586.79	10.51	126.49
579.75	2.61	126.49
419.19	24.75	126.50
416.04	20.29	126.51
334.15	118.20	126.51
359.36	109.31	126.51
394.04	131.62	126.51
431.80	33.67	126.51
400.36	176.18	126.52
343.60	113.75	126.53
368.87	247.62	126.53
332.88	296.45	126.53
422.35	29.21	126.54
412.89	15.84	126.54
400.36	167.27	126.54
324.69	122.64	126.55
378.27	109.33	126.56
400.37	185.10	126.57
463.32	33.71	126.58
510.59	11.48	126.58
353.05	109.31	126.60
400.36	158.35	126.61
383.89	233.15	126.61
302.63	135.98	126.61
409.73	11.38	126.61
425.50	33.67	126.61
387.04	228.68	126.62
397.19	136.07	126.63
387.72	113.79	126.64
390.88	118.25	126.64
441.26	38.14	126.65
380.72	237.59	126.66
498.00	19.68	126.67
488.53	24.84	126.67
355.47	255.47	126.67
315.23	127.08	126.67
434.95	38.13	126.67
346.76	258.87	126.67
479.08	29.29	126.67
368.81	104.87	126.67
384.57	109.33	126.68
447.56	38.15	126.68
520.05	6.31	126.69
394.03	122.71	126.69
375.11	104.87	126.69
364.93	250.98	126.69
306.53	132.59	126.69
390.17	224.18	126.70
400.35	149.44	126.70
397.23	207.40	126.70
506.68	14.86	126.71
362.51	104.86	126.71
400.38	194.02	126.71
406.58	6.92	126.71
336.61	264.28	126.72
416.04	29.21	126.72
590.02	14.85	126.72
428.65	38.13	126.72
327.83	118.90	126.73
412.89	24.75	126.73
337.29	113.74	126.74
453.86	38.16	126.74
346.75	109.30	126.75
469.62	33.73	126.75
419.20	33.66	126.75
381.42	104.88	126.75
319.15	123.72	126.76
409.74	20.29	126.77
397.19	127.16	126.78
528.70	1.46	126.78
332.71	287.54	126.78
377.52	241.99	126.79
356.20	104.85	126.80
400.35	140.53	126.80
460.17	37.43	126.81
494.80	22.65	126.81
422.35	38.12	126.81
393.28	219.66	126.81
399.59	201.83	126.82
484.59	28.17	126.82
402.99	171.73	126.83
401.97	189.54	126.84
438.11	41.86	126.84
390.88	109.34	126.84
475.13	32.61	126.84
341.23	110.40	126.84
431.80	41.86	126.84
406.58	15.83	126.84
403.43	2.47	126.85
466.46	35.97	126.85
450.71	40.42	126.85
402.98	162.81	126.85
371.96	100.41	126.85
350.68	105.95	126.85
394.03	113.80	126.86
365.65	101.14	126.86
332.65	278.63	126.86
387.72	104.88	126.86
402.98	180.65	126.86
378.26	100.42	126.86
444.41	41.86	126.87
413.67	32.57	126.87
516.07	10.33	126.87
402.72	155.01	126.87
308.96	129.33	126.87
399.82	131.62	126.88
331.79	114.87	126.88
410.52	28.10	126.88
401.93	145.00	126.88
425.50	41.84	126.89
416.83	37.01	126.89
396.66	118.25	126.89
404.22	10.27	126.89
592.45	18.10	126.90
384.57	101.17	126.90
360.15	101.52	126.91
419.21	40.35	126.92
321.56	120.47	126.93
407.38	23.62	126.93
395.60	216.27	126.93
398.75	122.73	126.93
375.11	98.20	126.93
504.25	18.06	126.94
375.11	245.23	126.94
381.41	98.22	126.95
457.01	40.32	126.95
368.81	98.23	126.96
434.96	44.77	126.96
428.66	44.76	126.96
401.87	136.09	126.97
526.30	4.67	126.97
391.64	103.81	126.98
421.57	43.64	126.98
405.05	20.27	126.98
394.78	108.26	126.98
401.91	6.91	126.99
343.61	107.17	126.99
353.06	102.72	126.99
441.26	44.73	126.99
412.92	38.07	127.00
409.78	33.62	127.00
388.48	99.37	127.00
448.34	43.61	127.01
401.84	198.45	127.02
401.06	126.09	127.02
492.44	25.77	127.03
402.96	15.80	127.03
416.07	42.52	127.03
403.94	149.46	127.03
378.26	95.30	127.03
362.51	98.30	127.03
334.16	111.67	127.03
397.91	112.73	127.03
384.56	96.03	127.03
482.20	31.32	127.04
406.63	29.17	127.04
311.34	126.14	127.04
431.81	46.96	127.04
464.08	39.13	127.04
425.51	46.97	127.05
371.97	95.31	127.05
472.75	35.77	127.05
594.83	21.32	127.05
404.96	167.27	127.06
397.89	212.90	127.06
400.28	118.28	127.07
362.51	254.02	127.07
399.83	2.44	127.07
438.10	46.95	127.07
404.18	186.18	127.07
346.79	104.23	127.07
404.95	176.18	127.07
404.95	158.36	127.08
356.23	99.78	127.08
323.96	117.25	127.08
513.70	13.46	127.08
365.67	96.05	127.08
453.84	43.21	127.08
419.21	46.98	127.09
394.00	100.47	127.09
403.93	140.56	127.09
403.48	24.72	127.11
390.85	96.02	127.11
397.14	104.92	127.11
337.34	108.71	127.12
400.34	11.35	127.12
403.42	131.64	127.12
381.41	91.57	127.14
444.40	46.95	127.14
409.77	42.53	127.14
372.70	248.43	127.16
375.11	91.58	127.16
327.89	113.90	127.16
501.84	21.25	127.16
387.71	91.57	127.16
406.62	38.08	127.16
412.92	46.98	127.16
400.29	109.37	127.17
523.88	7.88	127.17
315.31	122.10	127.17
479.02	34.26	127.18
422.36	51.43	127.18
403.90	193.97	127.18
460.14	42.47	127.19
428.66	51.42	127.19
302.73	131.02	127.19
469.58	38.72	127.19
400.75	207.30	127.20
598.04	25.71	127.20
359.37	96.05	127.20
403.43	122.73	127.20
400.33	20.26	127.20
349.93	100.51	127.20
403.48	33.63	127.21
416.06	51.44	127.21
510.50	16.42	127.22
397.15	96.01	127.22
368.82	91.58	127.22
353.06	258.32	127.22
394.00	91.56	127.23
488.46	29.79	127.23
434.95	51.42	127.23
387.64	233.99	127.24
406.55	162.82	127.24
532.55	3.05	127.24
384.56	87.11	127.25
390.79	229.55	127.25
406.55	171.72	127.25
450.70	46.94	127.25
340.48	104.98	127.25
400.29	100.46	127.26
406.56	153.91	127.26
390.86	87.11	127.26
406.62	46.99	127.27
397.19	6.90	127.27
403.44	113.82	127.27
409.76	51.44	127.27
378.26	87.12	127.27
497.92	24.61	127.28
400.33	29.17	127.28
519.97	11.25	127.28
419.21	55.89	127.29
403.47	42.54	127.29
384.49	238.43	127.29
406.57	145.00	127.30
412.91	55.90	127.30
406.55	180.63	127.31
425.50	55.88	127.31
583.08	11.20	127.31
441.25	51.41	127.31
393.94	225.10	127.32
397.15	87.10	127.32
318.44	118.36	127.32
397.18	15.81	127.33
403.44	104.91	127.33
387.71	82.65	127.33
400.30	91.55	127.33
406.57	136.09	127.33
362.52	91.59	127.34
371.97	87.12	127.34
394.01	82.65	127.34
305.85	127.28	127.35
400.32	38.08	127.35
406.61	55.90	127.35
331.04	109.44	127.36
403.47	51.45	127.36
353.08	96.05	127.36
381.41	82.66	127.36
431.80	55.88	127.37
344.33	261.62	127.37
416.06	60.35	127.37
409.76	60.35	127.37
406.58	127.18	127.37
403.45	96.00	127.38
403.40	202.87	127.38
397.18	24.72	127.39
400.30	82.64	127.39
466.44	42.47	127.39
475.88	38.01	127.39
390.86	78.19	127.39
397.16	78.19	127.40
400.32	47.00	127.40
422.35	60.34	127.40
403.46	60.36	127.41
406.58	118.28	127.41
456.99	46.94	127.41
368.74	252.43	127.41
406.61	64.81	127.41
403.45	87.09	127.42
359.30	256.86	127.42
412.91	64.81	127.42
343.63	100.51	127.42
400.31	73.73	127.43
381.35	242.88	127.43
384.56	78.20	127.43
400.32	55.91	127.43
403.46	69.27	127.43
576.08	3.34	127.43
394.01	73.73	127.43
397.10	220.66	127.43
403.46	78.18	127.43
397.18	33.63	127.43
375.12	82.66	127.44
447.55	51.41	127.44
394.04	2.45	127.44
406.55	189.53	127.44
406.59	109.37	127.44
400.31	64.82	127.44
529.42	6.81	127.45
485.33	33.54	127.45
397.16	69.28	127.45
579.23	7.77	127.45
409.76	69.27	127.45
365.67	87.12	127.45
406.61	73.72	127.46
507.37	20.16	127.46
438.10	55.87	127.46
406.59	100.46	127.46
419.20	64.80	127.47
397.17	42.54	127.47
428.65	60.34	127.47
406.60	82.63	127.48
406.60	91.55	127.48
387.71	73.74	127.48
394.03	11.36	127.48
397.17	60.37	127.48
397.17	51.45	127.48
356.22	91.59	127.50
390.86	69.28	127.50
394.01	64.82	127.50
416.05	69.26	127.51
378.27	78.20	127.51
409.75	78.18	127.51
394.03	20.27	127.52
412.90	73.72	127.52
321.59	113.89	127.53
334.18	104.97	127.54
394.02	55.91	127.55
425.50	64.80	127.55
394.03	29.18	127.55
409.75	87.09	127.55
368.82	82.66	127.55
381.42	73.74	127.56
586.22	15.67	127.56
394.02	38.09	127.57
394.02	47.00	127.57
309.00	122.81	127.57
409.75	96.00	127.57
434.95	60.33	127.57
346.78	96.05	127.58
494.77	29.09	127.58
390.87	60.37	127.58
409.74	104.91	127.59
409.72	149.45	127.59
409.71	158.36	127.59
409.72	140.54	127.59
384.57	69.29	127.59
444.40	55.87	127.59
400.25	216.22	127.59
409.74	113.82	127.59
409.73	131.64	127.59
409.73	122.73	127.59
422.35	69.26	127.60
387.72	64.83	127.60
538.87	2.37	127.60
412.90	82.63	127.60
453.84	51.41	127.60
334.45	274.04	127.60
349.88	260.55	127.60
409.71	167.27	127.61
516.82	15.72	127.61
359.37	87.13	127.61
463.29	46.94	127.62
419.20	73.71	127.62
416.05	78.17	127.62
334.45	292.05	127.62
371.97	78.21	127.63
390.87	51.46	127.64
472.74	42.48	127.65
390.88	6.91	127.65
412.90	91.54	127.66
378.21	247.34	127.66
431.80	64.79	127.66
409.71	176.17	127.66
406.56	198.43	127.66
390.88	15.82	127.67
390.87	42.55	127.67
375.12	73.75	127.68
390.88	24.73	127.69
390.88	33.64	127.69
387.72	55.92	127.69
337.33	100.50	127.70
412.89	100.45	127.71
349.93	91.58	127.71
362.52	82.67	127.71
324.74	109.42	127.71
441.25	60.33	127.72
378.27	69.29	127.72
482.18	38.02	127.72
416.05	87.08	127.72
384.57	60.37	127.72
428.65	69.25	127.72
381.42	64.83	127.73
526.28	11.28	127.74
412.89	109.36	127.75
419.20	82.63	127.76
425.50	73.71	127.76
387.72	47.00	127.76
450.70	55.87	127.77
422.35	78.17	127.77
409.71	185.08	127.77
312.14	118.34	127.77
504.22	24.64	127.78
403.41	211.78	127.78
412.89	118.27	127.79
365.67	78.21	127.79
416.04	95.99	127.80
387.72	38.09	127.81
438.10	64.79	127.81
460.14	51.41	127.82
353.07	87.12	127.82
412.88	127.18	127.82
384.57	51.46	127.83
387.73	29.18	127.84
340.48	96.04	127.84
589.36	20.15	127.85
368.82	73.75	127.85
387.73	20.27	127.85
387.73	2.45	127.85
387.73	11.36	127.85
365.63	256.22	127.85
491.63	33.56	127.86
412.88	136.09	127.86
381.42	55.92	127.87
419.20	91.54	127.88
469.59	46.95	127.88
535.73	6.84	127.88
416.04	104.90	127.88
327.88	104.96	127.88
371.97	69.29	127.88
434.95	69.25	127.88
412.88	145.00	127.89
378.27	60.38	127.90
447.55	60.33	127.90
375.12	64.83	127.90
384.57	42.55	127.91
356.22	82.66	127.92
412.87	153.91	127.92
422.35	87.08	127.92
431.80	73.71	127.93
425.50	82.62	127.95
428.65	78.17	127.95
416.04	113.81	127.95
513.68	20.19	127.96
412.87	162.81	127.96
315.29	113.87	127.96
409.72	193.98	127.96
479.04	42.49	127.97
384.57	33.64	127.97
343.63	91.58	127.97
456.99	55.87	127.98
598.79	292.00	127.98
419.19	100.45	127.99
381.42	47.01	127.99
359.37	78.21	127.99
375.08	251.81	127.99
545.18	2.39	128.00
444.40	64.79	128.00
406.57	207.34	128.01
384.58	24.73	128.01
598.78	283.09	128.01
412.87	171.72	128.02
598.78	274.18	128.02
416.04	122.72	128.03
331.03	100.50	128.03
384.58	15.82	128.04
378.27	51.46	128.05
362.52	73.75	128.05
384.58	6.91	128.05
523.13	15.75	128.06
598.77	265.27	128.06
422.35	95.99	128.07
501.08	29.12	128.07
466.44	51.41	128.08
346.77	87.12	128.08
381.42	38.10	128.08
441.25	69.25	128.08
375.12	55.92	128.09
365.67	69.29	128.09
592.50	24.63	128.09
419.19	109.36	128.09
416.04	131.63	128.10
371.97	60.38	128.11
368.82	64.83	128.11
488.49	38.04	128.11
302.69	122.78	128.11
412.87	180.63	128.11
340.42	265.07	128.12
453.85	60.33	128.12
393.97	234.04	128.13
425.50	91.53	128.13
318.43	109.41	128.13
438.10	73.71	128.14
397.12	229.59	128.15
381.42	29.19	128.15
356.20	260.67	128.15
532.58	11.31	128.16
428.65	87.08	128.16
390.83	238.49	128.16
334.18	96.03	128.17
349.92	82.66	128.17
434.95	78.17	128.17
598.76	256.37	128.17
378.27	42.55	128.17
416.03	140.54	128.17
431.80	82.62	128.18
475.89	46.96	128.19
419.19	118.27	128.20
381.42	20.28	128.20
422.34	104.90	128.21
598.80	33.57	128.22
400.28	225.14	128.22
595.65	29.11	128.23
450.70	64.79	128.23
416.03	149.45	128.24
353.07	78.20	128.24
381.43	11.37	128.24
375.12	47.01	128.24
463.29	55.88	128.25
409.73	202.89	128.25
387.68	242.94	128.27
573.58	6.86	128.27
378.27	33.64	128.27
381.43	2.46	128.27
412.88	189.53	128.28
542.04	6.86	128.28
337.33	91.57	128.28
321.58	104.94	128.29
305.83	118.32	128.30
356.22	73.74	128.30
425.50	100.45	128.30
371.97	51.46	128.30
416.03	158.36	128.30
510.53	24.67	128.30
419.19	127.18	128.31
334.84	283.10	128.32
447.55	69.25	128.32
497.94	33.59	128.33
359.37	69.29	128.33
403.43	220.70	128.33
368.82	55.92	128.33
595.62	269.72	128.34
485.34	42.51	128.34
570.43	2.42	128.34
595.61	260.82	128.35
422.34	113.81	128.35
362.52	64.83	128.35
365.67	60.38	128.35
378.27	24.73	128.35
551.49	2.41	128.36
576.73	11.31	128.36
428.65	95.99	128.36
416.03	167.27	128.37
375.12	38.10	128.38
595.62	278.63	128.38
444.40	73.71	128.38
340.47	87.11	128.38
472.74	51.42	128.38
460.15	60.34	128.39
598.76	247.47	128.40
519.99	20.22	128.40
431.80	91.54	128.41
378.27	15.82	128.42
441.25	78.17	128.42
324.73	100.48	128.42
419.19	136.09	128.43
595.62	287.54	128.43
434.95	87.08	128.43
438.10	82.62	128.44
371.94	256.30	128.44
384.54	247.40	128.44
529.44	15.78	128.46
595.63	296.45	128.46
308.98	113.85	128.46
416.04	176.18	128.46
371.97	42.55	128.46
595.61	251.91	128.46
343.62	82.65	128.47
425.50	109.36	128.47
378.27	6.91	128.47
406.58	216.25	128.48
375.12	29.19	128.49
422.34	122.72	128.50
457.00	64.80	128.51
412.89	198.44	128.52
368.82	47.01	128.53
419.19	145.00	128.53
346.77	78.20	128.53
327.87	96.02	128.54
538.89	11.33	128.55
482.19	46.97	128.55
494.79	38.06	128.55
469.60	55.89	128.56
428.65	104.90	128.56
579.87	15.77	128.57
375.12	20.28	128.57
362.50	260.75	128.58
365.67	51.46	128.58
349.92	73.74	128.58
453.85	69.26	128.60
371.97	33.64	128.60
416.04	185.08	128.60
592.46	256.36	128.61
507.39	29.15	128.61
592.46	265.27	128.61
312.13	109.39	128.61
362.52	55.92	128.62
353.07	69.28	128.62
419.19	153.91	128.63
431.80	100.45	128.63
356.22	64.83	128.63
359.37	60.37	128.63
548.34	6.88	128.64
337.83	269.94	128.64
557.79	2.43	128.65
425.50	118.27	128.65
331.02	91.56	128.65
422.35	131.63	128.65
375.12	11.37	128.65
450.70	73.72	128.66
409.74	211.80	128.67
434.95	95.99	128.69
592.46	274.18	128.70
368.82	38.10	128.70
466.45	60.35	128.70
447.55	78.17	128.71
375.12	2.46	128.71
419.19	162.81	128.72
371.97	24.73	128.72
438.10	91.54	128.72
595.60	243.01	128.73
444.40	82.63	128.73
441.25	87.08	128.73
334.17	87.10	128.74
479.05	51.44	128.74
592.45	247.46	128.75
315.27	104.93	128.75
564.10	2.44	128.76
491.65	42.53	128.76
428.65	113.81	128.77
598.75	238.55	128.77
516.84	24.70	128.77
526.30	20.25	128.78
365.67	42.55	128.78
381.71	252.31	128.80
422.35	140.54	128.80
337.32	82.65	128.81
535.75	15.80	128.81
371.97	15.82	128.82
463.30	64.81	128.82
425.50	127.18	128.84
589.30	260.81	128.84
589.30	251.91	128.84
368.82	29.18	128.85
362.52	47.00	128.85
431.80	109.36	128.87
318.42	100.47	128.87
340.47	78.19	128.87
419.77	171.72	128.89
416.59	193.99	128.89
591.95	283.09	128.89
545.20	11.35	128.90
371.97	6.91	128.90
359.37	51.46	128.90
475.90	55.90	128.91
460.15	69.27	128.91
343.62	73.73	128.92
504.53	34.02	128.92
567.25	6.90	128.93
554.65	6.90	128.93
356.22	55.91	128.94
434.95	104.90	128.94
346.77	69.28	128.94
353.07	60.37	128.95
349.92	64.82	128.96
365.66	33.64	128.96
346.72	265.58	128.96
368.81	20.27	128.97
582.47	20.45	128.98
413.51	207.70	128.98
422.78	149.45	128.98
488.73	47.32	129.00
419.76	180.99	129.02
592.00	292.29	129.02
457.31	74.15	129.02
589.30	243.00	129.03
438.71	100.45	129.03
588.73	270.07	129.04
320.92	95.73	129.04
429.28	123.08	129.06
400.64	234.24	129.06
585.72	256.36	129.06
337.46	296.46	129.07
397.46	238.68	129.07
369.13	261.11	129.07
403.74	229.77	129.08
302.30	113.67	129.08
454.50	78.46	129.08
425.94	136.35	129.08
441.89	96.31	129.08
585.67	247.45	129.09
501.48	38.23	129.09
361.92	37.76	129.10
473.23	60.54	129.10
444.94	91.80	129.10
451.24	82.88	129.10
378.37	256.67	129.10
324.34	91.39	129.10
448.05	87.33	129.10
591.85	238.31	129.11
422.81	158.29	129.11
368.35	11.07	129.11
570.02	11.49	129.11
567.29	69.38	129.12
394.18	243.07	129.12
560.94	7.41	129.12
406.75	225.25	129.13
365.33	24.53	129.13
532.79	20.54	129.14
432.02	118.39	129.14
598.56	42.46	129.14
416.28	202.82	129.14
419.40	189.49	129.15
359.15	42.43	129.15
327.74	87.04	129.16
485.37	51.66	129.16
523.28	24.87	129.16
542.13	15.97	129.16
305.85	109.23	129.17
595.59	233.98	129.17
422.42	167.26	129.17
589.25	278.62	129.17
368.72	2.47	129.17
469.60	64.85	129.18
513.76	29.33	129.18
586.18	265.28	129.18
583.17	251.92	129.19
551.48	11.33	129.19
356.45	46.83	129.19
352.98	265.24	129.19
330.89	82.96	129.20
425.37	145.03	129.20
409.58	220.87	129.20
586.15	24.69	129.20
557.00	124.70	129.20
434.66	114.01	129.20
390.91	247.27	129.20
497.95	42.34	129.21
362.90	29.03	129.21
428.40	131.73	129.21
366.02	15.72	129.21
353.39	51.62	129.23
334.45	78.31	129.23
422.01	176.23	129.24
466.09	69.13	129.24
309.22	105.01	129.24
573.57	15.48	129.25
437.68	109.14	129.25
350.39	56.14	129.25
583.73	243.36	129.25
337.74	73.92	129.25
599.29	229.83	129.26
481.78	55.75	129.26
347.32	60.63	129.27
340.99	69.51	129.27
599.24	60.36	129.27
344.19	65.09	129.27
589.82	287.63	129.29
440.60	104.57	129.29
599.29	68.93	129.29
583.60	260.45	129.29
462.64	73.45	129.29
557.68	127.25	129.29
586.45	238.98	129.30
412.56	216.08	129.30
599.20	51.49	129.30
359.88	33.64	129.31
425.02	153.59	129.31
312.67	100.68	129.31
366.12	6.91	129.31
418.78	198.20	129.31
494.11	46.75	129.33
387.24	251.74	129.34
359.40	264.92	129.34
363.12	20.27	129.34
538.66	19.94	129.35
579.85	247.45	129.35
564.33	65.14	129.35
557.51	10.96	129.35
564.38	10.97	129.35
431.33	127.18	129.35
510.00	33.43	129.36
595.89	37.94	129.36
529.22	24.40	129.37
337.08	287.49	129.37
444.41	100.46	129.38
548.05	15.40	129.38
589.66	29.04	129.39
586.58	274.18	129.39
421.97	185.09	129.39
478.75	59.93	129.39
460.16	78.19	129.39
374.93	260.58	129.40
315.56	96.41	129.41
428.14	140.55	129.41
447.56	96.00	129.41
570.40	64.81	129.42
457.01	82.64	129.42
589.29	234.08	129.43
450.71	91.55	129.43
453.86	87.10	129.43
356.21	38.09	129.44
425.00	162.82	129.44
592.89	33.43	129.45
579.84	256.36	129.45
415.55	211.82	129.47
519.71	28.79	129.48
589.71	296.46	129.49
573.55	69.27	129.50
576.70	242.99	129.51
336.94	278.70	129.51
353.06	42.54	129.52
362.51	11.36	129.52
359.36	24.72	129.52
434.96	122.73	129.52
576.96	19.91	129.52
576.69	251.91	129.53
318.41	91.53	129.54
579.85	238.54	129.54
570.40	73.74	129.54
365.37	264.89	129.55
491.66	51.47	129.57
475.91	64.83	129.57
592.44	229.62	129.57
349.91	46.99	129.58
507.41	38.11	129.59
598.74	78.19	129.59
573.54	247.45	129.59
321.56	87.08	129.60
595.59	64.82	129.60
438.12	118.28	129.61
595.59	73.73	129.63
362.50	2.45	129.63
425.52	171.73	129.63
346.76	51.45	129.64
567.25	60.35	129.64
356.20	29.18	129.64
324.71	82.62	129.65
582.98	269.73	129.65
535.75	24.75	129.65
582.99	234.08	129.65
545.20	20.29	129.66
554.65	15.84	129.66
422.37	194.01	129.67
472.76	69.29	129.67
428.67	149.46	129.67
384.57	256.40	129.67
570.40	243.00	129.67
359.35	15.81	129.67
441.27	113.83	129.68
431.82	136.10	129.68
343.60	55.90	129.68
567.24	15.84	129.68
327.85	78.17	129.69
340.45	60.35	129.70
573.55	238.53	129.71
560.93	69.28	129.71
564.09	73.76	129.71
331.00	73.71	129.71
337.30	64.81	129.72
334.15	69.26	129.72
504.26	42.57	129.72
444.42	109.37	129.72
488.51	55.93	129.73
586.13	283.10	129.73
554.63	238.53	129.74
419.23	207.37	129.74
469.61	73.74	129.74
560.95	122.61	129.75
353.05	33.63	129.75
343.34	269.40	129.75
595.59	225.16	129.75
592.44	69.27	129.76
447.57	104.92	129.76
576.70	73.74	129.76
526.31	29.21	129.76
560.95	15.84	129.77
425.53	180.64	129.78
564.10	243.00	129.79
450.72	100.47	129.79
579.83	265.28	129.79
466.47	78.20	129.80
567.24	247.46	129.80
359.35	6.91	129.81
453.87	96.01	129.81
586.14	229.61	129.82
567.25	238.53	129.82
356.20	20.27	129.82
463.32	82.65	129.83
595.58	55.90	129.83
457.02	91.56	129.83
579.85	69.27	129.83
460.17	87.11	129.84
576.69	234.07	129.84
570.39	251.92	129.84
428.68	158.37	129.84
576.71	64.80	129.84
349.90	38.08	129.84
434.97	131.65	129.85
406.63	234.12	129.86
403.48	238.58	129.86
576.68	260.83	129.86
302.65	104.88	129.86
560.95	238.53	129.86
501.12	47.03	129.87
557.79	243.01	129.87
589.29	73.73	129.87
573.54	256.38	129.87
485.37	60.39	129.87
560.94	60.35	129.87
542.06	24.75	129.87
592.44	78.19	129.88
551.51	20.30	129.89
409.78	229.66	129.90
550.37	237.05	129.90
400.33	243.04	129.90
583.00	73.73	129.90
346.75	42.53	129.93
586.15	69.27	129.93
532.61	29.21	129.93
564.09	55.89	129.94
305.80	100.42	129.94
431.83	145.01	129.94
371.97	265.33	129.94
598.74	220.69	129.95
353.05	24.72	129.95
595.59	82.66	129.96
595.56	47.01	129.96
573.56	60.33	129.96
573.55	78.21	129.97
425.53	189.55	129.97
412.94	225.21	129.97
438.13	127.20	129.97
422.38	202.92	129.98
356.20	11.36	129.98
570.39	234.06	129.99
428.68	167.28	129.99
560.94	247.48	129.99
381.43	260.87	129.99
397.18	247.50	130.00
482.22	64.85	130.00
343.60	46.99	130.00
589.29	64.80	130.00
308.95	95.97	130.01
592.43	60.35	130.01
570.39	20.32	130.01
555.03	123.50	130.01
579.83	24.79	130.01
589.29	225.15	130.01
579.85	78.20	130.01
586.15	78.20	130.01
497.97	51.49	130.02
586.11	292.01	130.02
579.84	229.60	130.03
582.97	278.65	130.03
340.45	51.44	130.06
441.28	122.75	130.06
312.10	91.51	130.06
516.86	33.67	130.07
570.41	55.89	130.07
557.80	20.30	130.07
349.90	29.17	130.07
416.09	220.76	130.08
557.77	64.82	130.09
548.36	24.76	130.09
567.24	78.24	130.09
598.74	87.12	130.09
583.00	64.79	130.09
564.09	234.05	130.09
538.91	29.21	130.10
479.07	69.31	130.10
337.30	55.89	130.10
315.25	87.06	130.11
444.42	118.29	130.11
356.19	2.45	130.12
551.45	243.03	130.12
428.69	176.19	130.13
339.89	274.27	130.13
353.04	15.81	130.13
334.15	60.34	130.14
564.09	251.94	130.14
564.10	20.31	130.14
447.57	113.84	130.14
318.39	82.61	130.14
394.04	251.96	130.14
567.24	51.42	130.15
589.29	82.66	130.15
557.79	234.03	130.15
523.15	33.68	130.16
331.00	64.79	130.16
431.84	153.92	130.16
321.54	78.15	130.16
450.72	109.38	130.16
494.82	55.95	130.17
327.85	69.25	130.17
324.69	73.70	130.17
434.99	140.56	130.17
475.92	73.76	130.18
346.74	33.62	130.18
513.72	38.12	130.19
453.87	104.93	130.19
573.54	229.59	130.22
510.57	42.58	130.22
457.02	100.48	130.22
419.24	216.30	130.22
592.44	220.68	130.23
425.54	198.47	130.23
551.43	233.94	130.23
472.77	78.21	130.24
583.00	82.67	130.24
529.46	33.68	130.24
460.17	96.02	130.25
582.99	225.14	130.25
548.21	238.53	130.25
554.63	247.50	130.25
579.81	274.21	130.25
349.92	269.85	130.26
545.21	29.21	130.26
469.62	82.67	130.27
463.33	91.57	130.27
557.78	55.89	130.27
466.48	87.12	130.28
349.89	20.26	130.28
343.59	38.07	130.28
567.23	256.40	130.28
554.66	24.76	130.29
353.04	6.90	130.29
339.95	291.97	130.29
428.70	185.10	130.29
576.69	82.68	130.29
517.07	35.73	130.30
491.67	60.41	130.32
560.94	51.42	130.32
592.44	87.13	130.32
507.42	47.04	130.32
356.21	269.84	130.33
431.85	162.83	130.34
390.89	256.43	130.34
535.76	33.68	130.34
378.28	265.35	130.36
362.51	269.83	130.36
438.14	136.11	130.36
340.44	42.53	130.37
579.86	60.30	130.38
576.66	269.76	130.38
570.37	260.86	130.39
422.40	211.85	130.39
567.24	229.58	130.40
586.14	60.31	130.40
582.94	287.57	130.41
346.74	24.71	130.41
564.18	127.22	130.42
573.52	265.32	130.43
573.54	24.81	130.43
551.51	29.21	130.44
542.06	33.67	130.44
554.62	60.36	130.44
570.39	82.70	130.44
337.29	46.98	130.44
488.53	64.87	130.45
560.96	24.77	130.45
586.14	87.13	130.46
435.00	149.47	130.46
349.89	11.35	130.46
504.27	51.51	130.46
595.58	216.22	130.46
582.96	29.29	130.46
557.78	251.97	130.46
576.69	225.13	130.47
368.82	269.82	130.47
431.85	171.74	130.48
592.40	51.43	130.48
586.13	220.67	130.48
441.29	131.67	130.49
334.14	51.43	130.51
428.70	194.02	130.52
592.38	42.58	130.52
520.00	38.13	130.53
567.25	24.79	130.53
343.59	29.16	130.53
595.59	91.60	130.53
557.75	73.79	130.55
548.36	33.66	130.55
526.30	38.14	130.55
579.84	87.14	130.56
485.38	69.32	130.56
330.99	55.88	130.56
444.44	127.22	130.57
554.63	51.44	130.58
387.74	260.91	130.58
560.94	131.75	130.59
425.55	207.39	130.59
532.60	38.14	130.60
589.27	55.85	130.60
447.59	122.77	130.60
453.88	113.85	130.60
560.93	229.55	130.60
450.73	118.31	130.60
302.63	95.94	130.60
327.84	60.33	130.61
501.13	55.97	130.61
457.03	109.40	130.61
346.73	15.80	130.61
349.88	2.44	130.62
557.81	29.22	130.63
516.87	42.58	130.63
431.86	180.65	130.63
538.90	38.13	130.63
557.79	46.97	130.64
560.91	78.27	130.64
305.78	91.49	130.64
460.18	104.94	130.64
324.68	64.78	130.64
340.44	33.62	130.65
482.23	73.78	130.65
554.60	69.32	130.66
564.11	46.93	130.66
308.93	87.04	130.66
321.53	69.23	130.67
545.20	38.12	130.67
435.01	158.38	130.68
463.33	100.49	130.68
312.08	82.59	130.68
318.38	73.68	130.68
315.23	78.14	130.68
589.29	91.60	130.69
409.81	238.61	130.69
570.38	225.11	130.70
554.66	33.66	130.70
551.47	55.91	130.70
412.96	234.16	130.70
598.73	211.75	130.71
479.08	78.23	130.71
573.53	87.15	130.71
438.16	145.03	130.72
466.49	96.04	130.72
406.66	243.08	130.72
513.72	47.05	130.72
579.83	220.66	130.73
560.92	256.45	130.73
551.50	38.10	130.73
589.28	216.20	130.73
558.46	119.08	130.73
579.78	283.13	130.74
375.13	269.83	130.74
469.64	91.59	130.75
475.94	82.68	130.75
337.28	38.07	130.75
416.11	229.70	130.75
551.49	46.99	130.75
472.79	87.13	130.76
343.58	20.25	130.76
497.98	60.43	130.76
576.73	55.80	130.76
554.65	42.54	130.77
548.35	42.56	130.78
403.51	247.54	130.78
582.91	296.49	130.79
346.73	6.89	130.79
582.99	91.60	130.80
598.73	96.07	130.80
523.16	42.59	130.81
548.26	247.51	130.81
431.86	189.56	130.82
542.05	42.57	130.82
428.71	202.94	130.82
419.26	225.24	130.82
586.09	33.77	130.83
564.11	29.24	130.84
334.13	42.52	130.84
435.01	167.28	130.84
551.45	64.85	130.85
564.06	82.73	130.85
535.75	42.59	130.86
529.45	42.60	130.86
510.58	51.52	130.86
548.33	51.46	130.86
384.60	265.38	130.86
557.81	38.09	130.86
589.22	38.18	130.88
551.45	252.02	130.88
560.96	42.51	130.88
400.36	252.00	130.89
340.43	24.71	130.89
545.19	47.02	130.90
494.83	64.89	130.91
330.98	46.97	130.92
560.97	33.66	130.93
441.31	140.58	130.93
422.42	220.78	130.93
576.69	91.60	130.93
554.61	229.48	130.95
569.76	47.82	130.95
343.58	11.35	130.96
564.06	260.92	130.96
592.44	96.07	130.97
576.68	29.32	130.97
564.08	225.08	130.97
346.79	273.65	130.98
564.13	118.15	130.98
573.53	220.64	130.98
435.02	176.19	130.99
582.98	216.19	130.99
576.63	278.69	130.99
592.43	211.74	130.99
520.01	47.05	130.99
359.35	273.63	130.99
327.83	51.42	131.00
438.17	153.93	131.00
570.40	29.28	131.01
548.31	60.39	131.01
582.99	55.79	131.01
507.43	55.98	131.02
365.66	274.30	131.02
337.28	29.16	131.02
538.89	47.04	131.03
564.10	143.14	131.03
397.21	256.47	131.03
491.69	69.35	131.03
342.30	296.45	131.04
567.34	122.71	131.04
340.08	283.06	131.05
460.19	113.87	131.05
567.21	87.18	131.06
324.68	55.87	131.06
586.14	96.07	131.06
353.06	273.62	131.06
425.57	216.33	131.06
457.04	118.33	131.08
463.34	109.41	131.08
431.87	198.48	131.08
444.46	136.14	131.08
381.46	269.14	131.08
573.62	51.31	131.08
563.64	136.11	131.09
545.85	241.89	131.09
526.31	47.06	131.10
580.26	292.07	131.10
532.60	47.05	131.10
545.17	55.94	131.10
542.03	51.49	131.11
340.42	15.80	131.11
300.20	92.51	131.11
321.52	60.32	131.11
371.98	274.29	131.12
567.19	265.37	131.12
546.70	251.95	131.12
303.35	88.06	131.12
466.49	104.95	131.13
554.58	255.76	131.13
453.90	122.79	131.13
343.57	2.44	131.13
437.68	162.84	131.13
394.08	260.21	131.13
334.12	33.61	131.14
488.54	73.80	131.14
573.48	274.26	131.14
435.02	185.11	131.15
556.14	131.65	131.15
579.84	96.06	131.15
447.61	131.70	131.16
318.37	64.77	131.16
589.73	46.96	131.16
558.53	226.14	131.16
516.87	51.52	131.16
428.22	211.89	131.17
565.84	140.54	131.17
450.75	127.25	131.17
564.13	38.09	131.17
576.67	216.90	131.18
469.65	100.50	131.18
570.33	269.82	131.18
504.28	60.45	131.18
586.12	212.45	131.19
595.57	207.99	131.19
546.73	234.07	131.19
315.22	69.22	131.20
570.37	91.62	131.20
567.21	221.36	131.20
566.54	130.56	131.21
586.86	52.43	131.21
500.37	63.82	131.21
485.39	78.25	131.21
561.65	139.48	131.22
306.27	82.54	131.22
553.89	128.27	131.22
440.80	149.50	131.22
434.26	192.94	131.23
390.12	264.27	131.23
595.58	99.81	131.23
312.07	73.67	131.23
472.80	96.05	131.23
552.22	72.69	131.24
328.58	43.59	131.24
555.38	77.16	131.24
330.97	38.06	131.24
566.78	42.46	131.25
308.92	78.12	131.25
557.80	258.72	131.26
482.25	82.70	131.26
337.27	20.25	131.26
548.33	231.84	131.26
578.17	287.54	131.26
368.81	276.52	131.26
567.28	33.69	131.26
340.94	6.88	131.26
475.95	91.60	131.27
431.08	206.29	131.27
479.10	87.15	131.28
437.64	171.75	131.28
436.62	180.63	131.28
377.49	273.16	131.28
573.52	95.33	131.28
523.16	50.78	131.29
558.56	135.01	131.29
535.74	51.51	131.29
513.73	55.24	131.29
549.09	68.21	131.29
334.90	25.80	131.30
579.85	213.95	131.31
415.31	237.48	131.31
598.75	205.04	131.31
412.15	241.93	131.31
589.29	99.78	131.31
589.30	209.50	131.32
560.94	116.04	131.32
325.46	48.08	131.32
529.45	50.77	131.32
558.57	81.58	131.33
583.78	99.41	131.33
539.67	54.85	131.33
570.40	218.42	131.33
439.74	158.36	131.33
442.89	145.00	131.33
362.51	276.47	131.33
580.64	32.64	131.33
342.83	277.58	131.33
418.45	233.01	131.33
573.55	31.51	131.34
548.32	254.06	131.34
576.70	98.29	131.34
338.84	11.36	131.34
497.18	68.21	131.35
408.99	246.37	131.35
545.96	63.73	131.35
544.70	247.48	131.36
342.07	287.54	131.36
510.55	58.18	131.36
542.82	59.27	131.37
579.85	53.59	131.38
323.12	51.45	131.38
568.03	117.16	131.38
421.58	228.53	131.38
406.61	249.70	131.39
462.52	117.17	131.39
464.89	113.82	131.39
332.58	29.18	131.40
387.71	267.51	131.40
560.95	222.96	131.40
520.00	53.68	131.41
560.95	84.86	131.41
460.16	120.47	131.43
467.23	110.47	131.43
320.79	54.80	131.43
433.37	202.91	131.43
423.91	225.18	131.43
598.75	102.65	131.43
494.80	71.47	131.44
436.51	189.54	131.44
404.24	252.98	131.45
568.76	127.18	131.45
560.16	261.87	131.45
336.56	14.71	131.46
579.85	101.15	131.46
532.60	53.63	131.46
575.95	284.20	131.46
445.16	141.65	131.47
356.21	276.34	131.47
375.11	276.33	131.47
339.71	1.35	131.48
330.26	32.55	131.48
439.63	167.27	131.48
563.33	88.15	131.49
317.66	59.29	131.49
582.22	210.78	131.49
470.36	105.99	131.49
457.77	123.78	131.50
508.17	61.41	131.50
526.30	53.59	131.50
426.25	221.80	131.50
544.52	237.48	131.50
591.67	206.33	131.51
572.78	215.24	131.51
492.41	74.78	131.51
438.82	177.28	131.52
573.56	100.41	131.52
550.75	228.64	131.53
349.91	276.29	131.53
592.45	102.55	131.53
327.39	38.14	131.53
435.42	198.41	131.54
365.68	279.28	131.54
566.51	92.58	131.55
314.53	63.77	131.55
586.15	102.54	131.55
333.69	20.31	131.55
371.94	279.28	131.55
535.77	56.58	131.56
302.72	82.71	131.56
441.97	154.98	131.56
473.48	101.50	131.56
337.36	6.93	131.56
569.67	97.03	131.56
401.05	257.38	131.57
517.60	56.92	131.57
385.31	270.73	131.57
454.58	128.19	131.59
571.15	34.66	131.59
448.27	137.12	131.59
324.76	42.58	131.59
489.23	79.19	131.59
568.72	38.09	131.59
311.40	68.25	131.60
504.21	65.46	131.60
579.16	297.51	131.60
563.36	219.74	131.60
564.12	113.19	131.60
431.74	211.77	131.62
429.36	217.29	131.62
476.61	97.01	131.62
438.55	185.06	131.62
523.14	55.84	131.62
587.83	42.54	131.63
576.72	211.91	131.63
441.18	162.80	131.63
586.17	207.45	131.63
451.41	132.63	131.63
344.04	292.04	131.64
308.26	72.72	131.64
529.46	55.84	131.64
486.06	83.63	131.64
595.62	203.00	131.65
538.93	60.30	131.65
570.38	113.84	131.65
381.37	274.07	131.65
331.06	24.76	131.65
479.75	92.54	131.65
576.70	104.87	131.66
482.90	88.08	131.66
368.83	283.03	131.67
563.39	266.23	131.67
359.38	278.51	131.67
305.12	77.20	131.67
572.87	279.63	131.68
570.83	122.69	131.68
513.68	60.28	131.68
583.01	35.66	131.68
321.61	47.04	131.69
550.80	257.27	131.69
567.14	136.08	131.70
567.28	216.36	131.70
541.32	252.67	131.70
393.96	265.16	131.70
582.99	104.84	131.71
501.07	69.19	131.71
397.85	261.76	131.71
444.34	149.42	131.71
466.42	118.22	131.71
595.60	104.81	131.72
554.72	224.60	131.73
334.20	11.39	131.73
542.09	64.75	131.73
570.41	104.90	131.74
438.05	193.97	131.75
589.30	104.82	131.75
346.74	278.52	131.76
570.31	42.62	131.76
469.57	113.78	131.76
573.54	109.35	131.76
567.26	109.40	131.76
441.19	171.71	131.77
318.45	51.49	131.77
576.79	291.94	131.78
566.59	270.64	131.78
327.90	29.21	131.78
463.28	122.66	131.78
569.75	275.11	131.78
576.70	34.20	131.79
545.25	69.20	131.79
369.87	284.30	131.80
434.90	207.32	131.81
353.07	278.51	131.82
548.41	73.64	131.83
585.49	39.04	131.83
567.28	100.43	131.84
343.56	283.08	131.84
472.71	109.32	131.85
497.92	73.65	131.85
315.30	55.95	131.86
583.05	50.91	131.86
554.70	260.68	131.87
551.56	78.08	131.88
579.87	207.44	131.88
532.61	60.30	131.89
331.05	15.84	131.89
519.99	60.29	131.90
378.23	278.55	131.90
441.20	180.62	131.90
577.41	50.58	131.90
419.15	238.47	131.90
416.00	242.92	131.91
510.53	64.74	131.91
589.31	202.99	131.91
324.75	33.67	131.91
561.04	144.85	131.91
557.84	220.83	131.92
554.72	118.42	131.92
390.82	269.63	131.92
422.30	234.02	131.93
573.50	118.24	131.93
586.26	47.08	131.93
598.77	198.54	131.93
334.20	2.47	131.93
312.15	60.41	131.93
570.42	211.89	131.93
412.85	247.37	131.93
579.83	109.31	131.94
475.86	104.87	131.94
554.71	82.54	131.96
447.50	144.96	131.96
460.12	127.10	131.96
564.14	95.96	131.97
494.77	78.11	131.97
425.45	229.57	131.97
526.30	60.30	131.97
444.35	158.34	131.99
409.71	251.82	131.99
309.00	64.86	132.00
479.02	100.41	132.02
321.60	38.12	132.03
557.85	87.01	132.03
576.67	113.78	132.03
438.06	202.88	132.04
561.00	91.48	132.04
428.61	225.12	132.04
327.90	20.30	132.04
491.62	82.58	132.05
362.53	283.01	132.05
441.20	189.53	132.06
305.85	69.32	132.06
573.39	46.49	132.06
482.17	95.95	132.07
545.18	256.27	132.07
406.56	256.28	132.08
375.09	283.02	132.08
488.47	87.04	132.09
485.32	91.50	132.10
331.05	6.93	132.11
564.13	104.92	132.11
557.89	140.45	132.11
535.77	64.76	132.12
302.70	73.77	132.12
507.38	69.20	132.12
469.59	122.69	132.12
586.14	109.29	132.12
557.85	113.93	132.12
456.97	131.56	132.13
450.65	140.49	132.13
431.76	220.68	132.13
573.62	287.49	132.14
318.45	42.57	132.14
560.98	216.35	132.14
583.01	202.97	132.15
444.35	167.26	132.15
387.68	274.10	132.16
573.57	207.42	132.16
598.75	109.28	132.17
542.12	242.99	132.18
573.50	38.01	132.18
516.84	64.75	132.18
324.75	24.75	132.19
453.81	136.03	132.20
592.46	198.52	132.20
403.42	260.74	132.20
346.72	287.55	132.21
472.72	118.24	132.22
560.99	109.42	132.22
592.45	109.28	132.22
557.84	265.16	132.22
315.30	47.03	132.24
346.69	296.43	132.24
434.91	216.23	132.26
570.31	131.57	132.26
444.36	176.17	132.27
356.22	283.02	132.27
349.90	283.04	132.27
327.89	11.38	132.28
441.21	198.43	132.29
529.46	64.76	132.31
504.23	73.67	132.32
538.92	69.21	132.32
564.12	211.87	132.33
523.15	64.76	132.33
321.59	29.20	132.33
466.45	127.12	132.34
554.72	136.02	132.34
447.51	153.89	132.34
312.14	51.48	132.34
472.79	127.20	132.35
400.28	265.20	132.35
475.87	113.79	132.36
567.67	144.83	132.36
545.25	229.73	132.37
371.95	287.47	132.39
444.37	185.08	132.39
384.54	278.57	132.39
576.71	202.96	132.40
570.46	283.03	132.41
582.98	113.76	132.42
438.07	211.79	132.42
365.67	287.47	132.42
586.16	198.51	132.43
308.99	55.94	132.44
324.74	15.83	132.44
318.44	33.66	132.46
513.69	69.22	132.46
542.10	234.14	132.47
560.99	269.64	132.48
501.08	78.13	132.48
479.02	109.33	132.48
327.89	2.47	132.49
560.99	100.44	132.49
567.27	207.41	132.50
595.61	194.05	132.50
548.39	225.26	132.51
542.08	73.67	132.52
397.13	269.66	132.52
305.84	60.39	132.53
447.52	162.81	132.55
573.49	127.12	132.55
579.88	37.94	132.56
444.37	193.99	132.57
482.18	104.88	132.57
567.30	278.58	132.58
315.29	38.11	132.59
497.93	82.59	132.59
564.14	274.11	132.60
321.59	20.29	132.60
579.82	118.22	132.60
441.22	207.34	132.61
302.69	64.84	132.61
381.39	283.03	132.63
349.89	291.98	132.63
353.06	287.51	132.63
359.37	287.50	132.64
485.33	100.42	132.64
532.61	69.22	132.65
579.86	198.49	132.65
450.67	149.43	132.65
576.66	122.68	132.65
447.52	171.72	132.66
551.53	220.79	132.66
324.74	6.92	132.67
494.78	87.05	132.67
570.41	202.94	132.68
589.29	113.76	132.68
488.48	95.97	132.69
520.00	69.23	132.69
548.37	260.74	132.69
545.23	78.12	132.70
491.63	91.51	132.70
473.81	128.59	132.70
312.14	42.56	132.71
573.59	296.43	132.71
475.89	122.72	132.71
393.99	274.13	132.72
510.54	73.68	132.72
422.33	242.96	132.73
425.48	238.50	132.73
589.30	194.04	132.73
419.18	247.41	132.74
463.29	131.58	132.75
428.63	234.05	132.75
447.53	180.63	132.75
318.43	24.74	132.75
595.60	113.76	132.76
526.30	69.23	132.76
554.67	216.31	132.77
416.03	251.86	132.78
557.83	95.97	132.78
431.78	229.60	132.78
598.76	189.59	132.81
564.09	149.35	132.82
308.98	47.02	132.83
444.38	202.89	132.83
412.88	256.32	132.83
434.93	225.15	132.84
321.58	11.37	132.84
548.38	82.59	132.85
557.82	211.85	132.85
573.56	198.48	132.88
447.53	189.54	132.88
378.25	287.50	132.89
315.28	29.19	132.90
453.83	144.98	132.91
409.74	260.78	132.92
438.09	220.70	132.92
560.96	207.39	132.92
390.84	278.60	132.93
583.00	194.03	132.93
554.68	91.51	132.93
479.04	118.25	132.94
305.83	51.47	132.94
551.53	87.05	132.94
450.68	158.36	132.95
507.39	78.15	132.95
557.83	104.92	132.96
550.96	122.81	132.99
535.76	73.69	132.99
583.09	42.51	133.00
460.14	136.05	133.01
318.43	15.83	133.01
564.11	202.93	133.01
406.59	265.24	133.03
356.21	291.97	133.03
441.24	216.25	133.03
312.13	33.65	133.04
516.85	73.70	133.04
456.98	140.52	133.04
592.45	189.57	133.05
368.81	291.96	133.05
302.68	55.92	133.05
321.58	2.46	133.06
482.19	113.80	133.07
362.51	291.97	133.07
450.69	167.27	133.07
447.54	198.45	133.08
586.14	118.24	133.10
576.70	194.02	133.11
504.24	82.61	133.13
450.69	176.18	133.13
567.25	198.47	133.14
387.70	283.06	133.14
353.05	296.44	133.15
557.81	149.43	133.16
403.45	269.70	133.16
485.34	109.35	133.16
315.28	20.28	133.18
308.98	38.10	133.18
444.39	211.81	133.19
450.69	185.09	133.21
529.45	73.70	133.22
523.15	73.70	133.22
586.15	189.56	133.23
551.04	131.56	133.24
488.49	104.90	133.24
318.42	6.91	133.25
501.09	87.07	133.25
579.87	47.14	133.25
538.36	238.91	133.26
569.83	292.33	133.29
550.86	265.49	133.29
570.40	194.01	133.30
305.82	42.55	133.31
312.12	24.73	133.33
469.93	132.06	133.34
375.41	292.41	133.34
492.28	100.45	133.37
579.85	189.55	133.38
498.25	91.97	133.38
400.57	274.54	133.38
538.68	78.48	133.39
538.81	247.48	133.39
513.97	78.55	133.41
451.16	194.00	133.41
554.07	145.34	133.43
495.55	96.35	133.43
595.31	184.69	133.43
454.39	154.25	133.44
592.40	118.93	133.44
570.59	140.44	133.44
598.79	118.92	133.44
448.15	207.70	133.46
385.26	287.78	133.47
314.83	11.37	133.47
554.26	109.50	133.50
557.15	202.58	133.50
302.14	46.71	133.51
359.56	296.73	133.51
560.19	198.10	133.51
554.24	207.15	133.53
573.32	189.22	133.53
397.53	278.77	133.54
583.11	123.12	133.54
308.55	28.94	133.54
576.67	42.52	133.54
566.93	287.33	133.55
554.70	270.04	133.55
454.21	162.79	133.56
563.50	193.76	133.56
554.40	100.38	133.57
551.34	211.73	133.58
431.96	238.62	133.58
428.81	243.07	133.58
435.11	234.16	133.58
454.12	171.72	133.58
425.65	247.52	133.59
560.85	154.08	133.59
589.33	184.84	133.59
438.24	229.69	133.59
422.47	251.96	133.60
551.45	140.54	133.60
454.05	180.62	133.60
366.00	296.56	133.60
441.33	225.21	133.61
450.86	202.85	133.61
311.94	15.89	133.62
419.26	256.38	133.62
510.56	82.71	133.62
478.88	127.12	133.63
548.42	216.19	133.63
305.85	33.62	133.64
542.05	82.60	133.64
567.32	189.65	133.64
315.34	2.43	133.64
519.95	78.14	133.65
381.37	291.90	133.65
444.13	220.98	133.65
416.22	260.50	133.65
453.76	189.56	133.65
394.01	282.91	133.66
583.41	185.26	133.66
456.84	149.52	133.67
532.78	78.05	133.67
545.31	220.78	133.68
598.96	180.87	133.68
482.01	122.64	133.68
372.00	296.19	133.68
412.71	265.18	133.70
485.10	118.15	133.71
564.24	283.02	133.71
557.95	274.12	133.71
576.63	185.70	133.72
309.37	20.50	133.73
447.21	216.09	133.73
526.31	77.79	133.74
542.26	225.28	133.74
303.09	38.33	133.74
488.13	113.63	133.74
579.61	127.09	133.74
506.95	86.91	133.75
409.34	269.55	133.76
453.35	198.14	133.77
539.16	229.75	133.77
561.19	278.53	133.77
312.73	7.28	133.77
491.13	109.10	133.78
551.83	95.82	133.79
466.04	135.95	133.80
579.09	43.97	133.80
557.80	194.00	133.80
545.61	86.93	133.80
554.88	153.58	133.81
494.12	104.57	133.83
503.53	91.24	133.83
570.40	185.08	133.83
560.95	189.54	133.83
390.65	287.25	133.83
405.90	273.90	133.84
554.65	198.45	133.84
551.76	113.97	133.85
542.48	260.65	133.86
459.65	144.74	133.86
548.85	91.32	133.86
589.08	122.44	133.87
450.19	211.82	133.88
300.11	42.54	133.88
306.44	24.72	133.88
456.62	158.36	133.89
456.50	176.18	133.91
475.80	131.52	133.91
552.02	149.46	133.91
576.31	131.48	133.91
564.10	185.08	133.92
456.43	185.09	133.92
592.45	180.62	133.92
456.52	167.27	133.92
536.28	234.43	133.92
462.67	140.26	133.93
573.28	135.97	133.94
539.35	256.10	133.94
551.49	202.90	133.95
557.80	158.37	133.97
567.02	153.58	133.97
497.96	100.47	133.97
501.11	96.01	133.98
378.27	296.47	133.99
536.10	243.02	134.00
516.86	82.66	134.03
308.96	11.36	134.03
586.15	180.62	134.04
595.60	122.76	134.05
557.80	185.08	134.05
554.65	189.54	134.05
567.68	296.47	134.06
567.25	180.63	134.07
573.55	180.62	134.07
579.85	180.62	134.07
403.47	278.66	134.07
564.11	158.38	134.09
457.02	194.00	134.10
302.65	29.17	134.10
560.95	180.63	134.11
545.43	264.96	134.11
387.72	292.02	134.11
453.87	207.37	134.12
551.49	193.99	134.12
548.33	207.35	134.15
569.84	149.17	134.16
560.95	162.83	134.18
552.06	104.91	134.18
535.74	82.68	134.20
554.65	162.82	134.21
554.65	180.63	134.21
305.80	15.81	134.21
564.10	176.17	134.21
557.80	176.18	134.22
400.32	283.12	134.23
551.50	185.09	134.23
557.80	167.27	134.24
551.49	158.37	134.26
308.95	2.45	134.26
560.95	171.72	134.26
548.34	198.45	134.27
570.40	176.17	134.28
548.31	145.02	134.28
554.65	171.73	134.28
510.56	145.03	134.29
595.59	176.15	134.29
447.58	225.21	134.30
548.34	189.54	134.31
444.43	229.66	134.31
523.16	82.68	134.31
551.50	176.18	134.32
457.02	202.92	134.32
513.71	87.13	134.32
551.50	167.27	134.33
564.10	167.27	134.34
441.28	234.12	134.34
460.18	180.63	134.36
384.57	296.49	134.36
548.34	180.63	134.37
438.13	238.58	134.37
567.25	171.72	134.37
450.73	220.75	134.37
576.70	176.16	134.38
434.98	243.03	134.38
302.65	20.26	134.39
460.18	189.55	134.39
431.83	247.49	134.39
428.68	251.94	134.40
397.18	287.58	134.40
529.45	82.69	134.40
460.18	171.72	134.41
425.53	256.40	134.41
548.34	171.72	134.41
460.19	153.92	134.42
589.30	176.14	134.42
545.17	211.80	134.43
548.51	127.18	134.43
422.38	260.85	134.43
545.19	185.09	134.44
548.34	162.81	134.44
583.00	176.15	134.44
491.67	118.30	134.45
305.79	6.90	134.45
545.19	194.00	134.46
548.77	136.08	134.46
419.23	265.31	134.46
567.26	162.82	134.47
507.39	140.49	134.47
494.83	113.84	134.48
460.19	162.82	134.48
545.19	176.18	134.49
453.88	216.29	134.51
416.08	269.77	134.52
510.57	91.59	134.52
545.19	167.27	134.52
488.53	122.77	134.52
545.18	202.91	134.53
548.32	153.91	134.53
586.16	127.27	134.54
460.18	198.46	134.54
497.98	109.39	134.55
573.56	171.70	134.57
542.04	189.55	134.57
542.04	180.63	134.57
412.93	274.22	134.59
394.03	292.05	134.59
570.41	167.26	134.61
501.13	104.94	134.62
542.04	171.73	134.62
507.43	96.04	134.63
302.64	11.35	134.65
598.74	171.67	134.65
457.03	211.84	134.66
504.28	100.49	134.66
542.01	216.23	134.66
548.30	269.85	134.66
538.89	185.09	134.67
538.88	87.18	134.67
409.78	278.68	134.69
564.02	292.05	134.69
463.33	185.09	134.71
538.89	167.27	134.71
542.03	198.46	134.71
598.74	127.27	134.71
548.76	118.24	134.71
542.04	162.80	134.72
545.18	158.34	134.74
570.44	158.36	134.74
504.20	145.06	134.74
538.89	176.17	134.75
520.02	87.16	134.75
463.34	176.17	134.76
579.86	171.68	134.77
532.53	238.55	134.77
485.39	127.28	134.77
463.33	194.01	134.78
592.45	127.29	134.79
538.86	220.68	134.79
390.88	296.51	134.80
406.64	283.14	134.80
538.88	194.01	134.81
460.19	207.38	134.81
592.44	171.66	134.83
535.73	180.63	134.85
548.28	100.50	134.85
535.61	252.01	134.87
463.37	149.48	134.87
586.15	171.67	134.87
302.63	2.44	134.88
463.35	167.26	134.89
513.76	140.44	134.89
535.73	189.56	134.90
535.71	225.13	134.91
542.01	207.37	134.91
507.38	149.53	134.91
535.74	171.73	134.92
403.49	287.60	134.94
453.91	225.23	134.94
450.75	229.71	134.96
576.72	167.23	134.97
463.34	202.93	134.98
542.00	91.65	134.99
573.58	162.79	134.99
513.73	149.52	135.00
535.73	162.78	135.00
463.36	158.36	135.00
472.83	136.31	135.02
532.54	229.59	135.03
526.31	87.19	135.03
466.49	189.55	135.04
497.99	118.31	135.04
532.58	176.18	135.04
532.58	185.10	135.05
494.83	122.78	135.05
551.43	274.34	135.05
466.49	180.63	135.06
532.58	167.26	135.06
516.88	91.63	135.07
545.13	96.08	135.07
532.59	87.21	135.07
538.87	202.94	135.07
560.85	287.63	135.08
400.34	292.07	135.10
453.75	227.99	135.10
447.60	234.17	135.10
457.05	220.77	135.11
501.14	113.85	135.14
535.72	198.48	135.14
482.28	131.20	135.16
545.11	149.44	135.16
538.88	158.28	135.17
466.49	198.47	135.17
444.46	238.62	135.18
466.50	171.71	135.20
529.43	171.72	135.21
583.04	131.83	135.21
529.43	180.64	135.21
504.23	136.02	135.21
441.31	243.08	135.22
532.57	194.02	135.22
460.20	216.31	135.23
428.71	260.89	135.23
425.56	265.34	135.23
595.58	167.19	135.23
431.86	256.43	135.23
438.16	247.53	135.24
435.01	251.98	135.24
583.01	167.19	135.24
422.40	269.80	135.24
466.55	145.07	135.25
504.30	109.41	135.26
532.49	247.53	135.26
513.74	96.08	135.26
548.23	109.37	135.26
491.67	127.28	135.27
397.19	296.53	135.27
510.59	135.96	135.27
419.25	274.25	135.27
554.55	278.79	135.28
516.99	145.03	135.28
539.48	264.42	135.29
510.55	153.98	135.29
557.69	283.22	135.29
529.42	189.56	135.32
416.10	278.71	135.33
469.64	185.09	135.33
463.35	211.86	135.33
589.30	167.18	135.34
507.45	104.97	135.34
538.85	211.81	135.34
510.60	100.53	135.35
573.64	153.87	135.36
526.28	176.18	135.36
469.64	194.01	135.37
545.54	140.36	135.38
501.02	140.54	135.38
469.71	140.70	135.40
412.95	283.17	135.40
526.28	167.26	135.40
529.43	162.77	135.41
466.52	162.79	135.42
595.58	131.10	135.42
529.37	234.08	135.43
526.28	185.10	135.43
541.99	153.80	135.44
469.65	176.16	135.44
535.71	216.23	135.44
466.50	207.40	135.44
589.31	131.10	135.45
497.97	127.22	135.47
501.14	122.75	135.48
542.73	268.83	135.49
579.15	135.22	135.49
535.72	207.40	135.49
536.39	259.82	135.49
409.80	287.62	135.50
573.18	145.01	135.50
523.13	171.73	135.50
579.88	162.73	135.50
456.32	228.66	135.52
516.89	153.93	135.52
532.56	158.95	135.52
523.18	91.67	135.52
532.55	220.68	135.52
532.57	202.94	135.52
479.06	134.16	135.53
529.86	243.08	135.54
523.13	180.64	135.55
501.09	131.63	135.56
513.70	158.40	135.56
529.42	198.48	135.57
469.65	202.94	135.57
598.72	162.72	135.57
535.71	90.96	135.57
466.55	153.91	135.58
546.58	131.63	135.58
472.79	189.55	135.59
576.76	158.29	135.59
523.14	162.79	135.59
402.75	295.48	135.60
561.61	295.39	135.61
546.61	122.73	135.61
459.45	224.17	135.61
507.43	131.55	135.61
519.99	167.27	135.62
406.65	292.08	135.62
526.27	194.03	135.62
453.14	233.09	135.62
504.20	153.98	135.64
472.80	180.62	135.64
504.30	118.30	135.64
501.54	149.55	135.64
545.88	103.87	135.65
519.27	95.02	135.65
535.75	155.93	135.66
516.85	162.83	135.66
519.98	176.19	135.66
488.52	131.03	135.66
529.39	225.14	135.67
520.01	158.35	135.68
529.47	90.93	135.68
462.58	219.69	135.69
469.66	167.24	135.69
504.28	127.16	135.69
523.12	189.57	135.69
494.78	130.98	135.69
498.67	135.04	135.70
586.16	163.46	135.70
472.79	198.48	135.70
506.68	112.76	135.70
592.43	163.46	135.71
507.38	158.42	135.71
534.12	256.37	135.72
526.30	159.03	135.73
543.53	145.00	135.73
598.75	133.99	135.73
465.71	215.21	135.74
449.95	237.49	135.75
532.57	211.82	135.75
516.83	171.74	135.75
472.02	172.80	135.75
399.55	299.87	135.75
527.80	229.63	135.75
519.28	150.55	135.75
527.81	238.54	135.76
538.90	93.87	135.77
519.98	185.11	135.77
468.09	158.36	135.77
530.21	206.29	135.78
545.20	272.03	135.78
510.53	162.85	135.79
475.16	192.90	135.79
475.41	185.08	135.79
499.48	145.00	135.80
424.74	273.10	135.80
513.69	167.29	135.80
530.98	216.27	135.80
517.61	179.54	135.80
427.89	268.64	135.80
468.84	210.72	135.80
421.59	277.55	135.81
527.07	201.81	135.81
516.07	99.38	135.82
431.04	264.18	135.82
446.78	241.91	135.82
576.70	138.35	135.82
546.73	113.82	135.82
509.78	108.26	135.83
468.04	149.45	135.84
434.18	259.71	135.84
418.42	281.99	135.84
523.93	197.34	135.85
543.61	100.45	135.85
471.19	207.36	135.85
474.33	176.18	135.86
443.62	246.34	135.86
437.32	255.25	135.86
505.83	122.73	135.86
515.28	176.18	135.86
523.15	156.14	135.86
439.68	251.91	135.87
441.26	249.67	135.87
513.70	102.67	135.87
512.12	104.91	135.87
521.59	194.00	135.88
416.06	285.30	135.88
541.26	97.10	135.88
521.56	153.91	135.89
583.00	160.63	135.90
528.69	219.62	135.90
575.09	140.55	135.91
512.94	172.82	135.91
531.86	252.99	135.91
473.52	204.01	135.91
519.24	190.64	135.91
586.15	133.81	135.91
477.44	189.54	135.92
595.60	160.65	135.93
413.68	288.61	135.93
516.36	185.07	135.94
528.96	211.81	135.94
514.47	135.03	135.94
476.65	179.55	135.95
509.80	168.34	135.95
559.45	292.00	135.96
476.39	198.42	135.96
592.45	133.76	135.96
529.45	156.24	135.97
470.33	161.74	135.98
526.30	93.66	135.98
506.66	163.87	135.98
513.72	180.62	135.98
508.13	126.12	136.00
526.33	207.34	136.01
575.02	149.45	136.01
503.52	159.41	136.01
517.56	139.47	136.02
410.50	293.02	136.02
479.02	185.10	136.02
507.86	118.24	136.02
511.29	130.61	136.03
525.85	234.08	136.03
589.30	160.77	136.04
510.57	176.17	136.04
406.55	297.10	136.04
479.02	193.99	136.05
523.18	202.88	136.05
497.51	140.49	136.05
547.60	275.16	136.05
598.79	157.72	136.05
476.67	137.02	136.06
473.21	167.33	136.07
525.85	225.20	136.07
520.03	198.42	136.07
485.35	133.63	136.08
580.57	157.38	136.08
491.65	133.63	136.09
538.15	152.97	136.09
516.87	193.97	136.10
507.42	171.71	136.10
526.33	216.27	136.11
475.87	171.76	136.11
500.42	154.91	136.12
513.72	189.52	136.13
494.85	136.00	136.14
532.60	93.49	136.14
528.79	248.43	136.15
523.10	96.60	136.15
463.25	225.10	136.16
460.10	229.54	136.16
466.41	220.66	136.16
510.57	185.07	136.16
577.37	152.94	136.17
469.56	216.21	136.17
504.28	167.26	136.17
479.03	176.21	136.17
482.18	189.54	136.18
526.28	154.01	136.18
472.72	211.77	136.18
595.62	135.95	136.19
470.24	145.99	136.20
475.87	207.32	136.21
557.15	288.51	136.21
510.49	113.78	136.21
507.42	180.62	136.21
541.41	148.47	136.21
470.01	153.94	136.21
526.39	242.94	136.23
456.95	233.99	136.23
482.18	180.65	136.23
479.03	202.88	136.24
532.61	154.08	136.25
592.46	158.46	136.26
523.18	211.80	136.26
498.04	149.42	136.26
504.27	176.17	136.26
586.14	158.47	136.27
501.13	162.80	136.27
482.18	198.43	136.29
519.96	100.36	136.30
485.34	185.09	136.31
550.86	279.51	136.31
425.46	278.57	136.32
520.02	207.34	136.32
422.31	283.02	136.32
544.84	109.28	136.33
428.61	274.11	136.33
510.57	193.98	136.33
507.41	189.53	136.33
523.19	220.72	136.34
516.87	202.88	136.34
513.72	198.43	136.34
485.34	193.99	136.34
501.12	171.72	136.35
504.26	185.08	136.35
419.17	287.48	136.35
453.80	238.44	136.35
510.50	122.74	136.35
523.20	229.63	136.36
513.65	109.31	136.36
431.75	269.66	136.36
582.94	136.58	136.36
554.04	283.95	136.37
535.85	265.14	136.38
501.11	180.63	136.38
544.66	135.16	136.39
523.10	149.55	136.39
488.49	189.54	136.40
516.80	104.84	136.40
416.02	291.93	136.41
434.90	265.20	136.41
589.30	135.93	136.41
488.50	180.64	136.42
520.35	145.15	136.43
485.34	176.20	136.44
497.96	176.18	136.44
535.79	95.86	136.44
491.65	185.09	136.44
529.43	95.88	136.45
450.65	242.91	136.45
497.96	185.08	136.45
472.70	158.41	136.45
438.05	260.74	136.45
473.33	141.36	136.46
497.99	158.35	136.46
501.11	189.53	136.46
494.81	180.64	136.46
538.99	269.54	136.47
497.97	167.27	136.47
482.19	171.76	136.48
482.18	135.85	136.49
494.80	189.54	136.49
441.20	256.29	136.49
504.26	193.98	136.49
412.88	296.39	136.49
447.50	247.37	136.50
444.35	251.83	136.51
491.65	193.99	136.51
520.03	216.26	136.51
491.65	176.19	136.51
598.78	140.47	136.52
479.03	167.31	136.52
488.49	198.43	136.53
507.41	198.43	136.53
494.81	171.74	136.54
475.87	162.86	136.54
485.34	202.88	136.54
544.90	127.18	136.55
532.68	260.73	136.55
497.95	193.98	136.55
544.91	118.27	136.56
523.21	238.51	136.56
510.56	202.88	136.57
595.62	153.97	136.57
482.19	207.33	136.57
516.87	211.80	136.58
513.72	207.34	136.59
542.14	104.83	136.60
488.52	135.94	136.61
488.50	171.75	136.61
513.65	127.23	136.61
479.03	211.78	136.62
501.11	198.43	136.63
494.80	198.44	136.64
520.03	225.17	136.64
598.78	149.49	136.65
475.88	216.23	136.68
582.98	154.00	136.68
494.82	162.83	136.68
538.96	100.37	136.68
491.66	167.29	136.71
504.26	202.89	136.72
491.65	202.89	136.72
472.73	220.67	136.75
529.51	256.30	136.75
485.35	167.30	136.75
494.87	144.98	136.76
513.66	118.26	136.76
497.95	202.89	136.78
516.79	131.70	136.79
507.41	207.34	136.80
516.87	220.71	136.80
494.84	153.91	136.81
589.30	153.98	136.81
488.49	207.34	136.81
469.58	225.12	136.84
526.28	100.38	136.85
520.04	234.07	136.85
510.56	211.80	136.85
557.89	296.40	136.85
472.69	149.47	136.86
513.72	216.25	136.86
501.11	207.34	136.91
485.34	211.79	136.92
494.80	207.34	136.92
542.11	274.03	136.93
526.35	251.86	136.93
482.19	162.85	136.94
466.42	229.58	136.94
488.51	162.84	136.96
425.48	287.50	136.97
529.43	149.54	136.97
422.33	291.96	136.97
428.63	283.05	136.99
592.47	140.48	137.00
419.19	296.41	137.01
579.81	149.53	137.01
491.67	158.38	137.01
595.62	145.00	137.02
516.82	113.79	137.03
431.78	278.60	137.04
576.61	145.06	137.04
504.26	211.79	137.04
541.56	140.63	137.04
519.94	136.14	137.05
482.19	216.24	137.05
491.69	140.48	137.05
516.88	229.62	137.05
463.27	234.03	137.06
523.13	104.86	137.07
491.65	211.79	137.09
434.93	274.14	137.10
592.46	149.49	137.10
479.04	158.40	137.11
523.19	247.41	137.12
497.95	211.79	137.12
579.82	140.41	137.13
519.97	109.32	137.13
507.41	216.25	137.14
513.72	225.16	137.16
532.60	100.40	137.17
475.87	153.94	137.17
438.08	269.69	137.18
510.56	220.71	137.18
460.13	238.49	137.19
479.04	220.69	137.20
535.76	149.57	137.24
441.23	265.24	137.26
516.82	122.73	137.27
488.50	216.25	137.28
485.36	158.39	137.29
520.03	242.97	137.30
586.15	140.48	137.30
501.11	216.25	137.31
456.98	242.95	137.32
586.15	149.49	137.33
491.68	149.46	137.33
444.38	260.78	137.34
494.80	216.25	137.36
526.29	145.05	137.36
475.89	225.15	137.37
453.83	247.41	137.40
447.53	256.33	137.40
450.68	251.87	137.42
504.26	220.71	137.46
516.87	238.53	137.46
488.52	153.93	137.48
523.12	140.56	137.49
485.35	220.70	137.49
589.31	145.00	137.52
529.44	104.88	137.54
425.50	296.44	137.54
428.64	291.98	137.56
472.74	229.61	137.56
507.41	225.17	137.57
513.71	234.07	137.57
535.76	104.88	137.59
538.65	144.58	137.59
510.56	229.62	137.61
497.95	220.71	137.62
431.79	287.53	137.62
491.65	220.71	137.63
554.13	292.27	137.63
544.63	278.81	137.66
482.20	153.93	137.67
434.95	283.08	137.70
583.00	145.01	137.70
482.20	225.16	137.74
476.18	145.00	137.77
520.51	118.27	137.78
485.16	140.79	137.82
479.15	140.65	137.83
469.83	234.40	137.84
501.10	225.17	137.84
526.59	109.76	137.85
551.23	287.67	137.85
520.54	126.81	137.85
541.69	113.78	137.86
548.09	283.19	137.86
532.83	144.67	137.87
538.65	109.73	137.89
438.71	278.95	137.90
488.18	145.00	137.92
523.65	114.05	137.94
529.23	265.36	137.95
526.09	260.92	137.96
441.59	274.36	137.98
541.85	122.67	137.98
488.45	225.76	137.99
479.14	149.34	138.00
523.00	256.43	138.01
494.84	225.69	138.01
541.96	131.65	138.01
466.66	238.62	138.02
532.67	269.97	138.03
503.92	229.75	138.04
485.29	149.37	138.04
479.18	229.84	138.05
519.94	251.94	138.06
444.65	269.52	138.06
532.62	109.59	138.09
431.66	296.59	138.10
517.11	247.73	138.10
507.32	233.78	138.11
463.39	242.63	138.14
513.87	242.92	138.14
447.42	265.20	138.14
522.95	131.55	138.14
510.77	238.44	138.15
434.70	291.86	138.16
450.40	260.66	138.21
529.24	140.88	138.22
437.60	287.27	138.23
498.21	229.28	138.24
459.79	247.30	138.24
536.00	274.10	138.25
475.25	233.87	138.25
485.12	229.32	138.25
453.43	256.16	138.26
522.69	122.43	138.28
456.56	251.70	138.28
539.70	113.37	138.30
525.79	136.36	138.36
491.65	229.65	138.37
440.67	283.10	138.38
529.46	113.84	138.49
482.20	145.00	138.50
501.10	234.11	138.53
539.48	117.91	138.56
444.42	278.65	138.60
526.32	118.29	138.62
472.77	238.58	138.65
539.43	136.39	138.67
482.21	234.12	138.68
438.12	296.46	138.71
504.24	238.57	138.72
539.13	278.36	138.75
494.80	234.12	138.77
535.77	113.84	138.77
447.58	274.20	138.77
488.50	234.13	138.82
507.38	243.03	138.86
551.99	296.50	138.86
441.28	292.01	138.86
510.53	247.49	138.93
535.75	140.46	138.93
450.74	269.75	138.94
469.63	243.06	138.96
513.67	251.95	138.97
516.82	256.41	138.99
519.96	260.87	139.02
526.35	127.18	139.03
444.44	287.56	139.04
523.11	265.34	139.09
453.89	265.31	139.11
497.94	238.60	139.11
479.07	238.61	139.11
539.42	127.20	139.18
532.61	118.33	139.19
466.49	247.53	139.20
447.59	283.11	139.24
526.25	269.82	139.24
457.05	260.86	139.25
491.65	238.62	139.32
485.36	238.62	139.33
463.35	251.98	139.33
460.20	256.42	139.34
444.44	296.47	139.36
501.08	243.06	139.38
529.49	122.78	139.40
450.75	278.67	139.44
529.52	131.59	139.51
541.97	283.28	139.52
529.39	274.33	139.54
548.23	292.10	139.54
532.64	135.99	139.54
475.93	243.11	139.55
447.60	292.02	139.58
504.22	247.53	139.59
453.91	274.22	139.66
535.72	122.86	139.73
507.36	251.99	139.73
545.08	287.72	139.74
494.79	243.10	139.75
450.76	287.57	139.82
510.50	256.45	139.83
532.50	278.13	139.85
457.07	269.78	139.88
482.22	243.13	139.88
513.64	260.92	139.93
488.50	243.12	139.93
520.68	268.80	139.97
472.80	247.60	139.97
468.91	250.97	140.00
459.73	265.36	140.01
497.91	246.86	140.01
535.71	131.57	140.04
516.79	265.40	140.05
462.62	259.83	140.05
453.92	283.13	140.06
535.75	281.10	140.08
450.77	296.48	140.09
532.66	127.21	140.10
465.74	255.36	140.10
479.05	245.43	140.11
501.85	250.90	140.15
456.30	277.58	140.15
491.65	245.39	140.15
523.91	273.16	140.18
453.12	290.90	140.22
485.35	245.29	140.25
504.25	254.17	140.28
458.58	274.18	140.32
506.63	257.43	140.38
455.37	287.54	140.40
526.30	276.32	140.40
494.03	248.47	140.43
547.64	297.56	140.43
476.68	248.44	140.45
538.13	284.06	140.47
460.86	270.78	140.49
509.82	261.82	140.50
457.46	283.04	140.52
454.31	296.42	140.52
463.23	265.21	140.55
497.99	251.79	140.56
488.52	248.04	140.60
513.01	266.21	140.63
482.19	248.03	140.64
516.93	270.29	140.67
528.77	279.51	140.70
460.09	278.60	140.71
472.68	252.45	140.72
456.95	291.97	140.73
466.38	260.74	140.74
501.14	256.27	140.79
469.54	256.25	140.80
544.62	292.88	140.84
520.05	274.05	140.84
541.45	288.34	140.89
532.65	282.90	140.94
504.29	260.73	140.96
463.25	274.15	140.97
491.67	251.81	140.98
460.11	287.52	141.00
507.44	265.19	141.12
479.04	251.78	141.18
523.19	278.52	141.20
485.36	251.80	141.24
460.11	296.43	141.25
466.41	269.70	141.25
463.27	283.07	141.26
494.83	256.29	141.30
510.58	269.65	141.30
463.27	291.98	141.51
497.97	260.76	141.52
466.42	278.62	141.53
513.73	274.11	141.54
469.56	265.25	141.55
535.78	287.44	141.58
526.32	283.01	141.67
501.12	265.23	141.70
475.88	256.29	141.73
488.52	256.31	141.73
466.43	287.53	141.76
469.58	274.17	141.80
472.72	260.79	141.82
516.87	278.58	141.86
504.27	269.69	141.88
491.66	260.79	141.99
469.59	283.08	142.00
466.44	296.44	142.03
541.51	296.43	142.06
482.20	256.30	142.09
507.41	274.15	142.10
472.74	269.72	142.10
494.81	265.25	142.15
538.63	292.36	142.21
472.75	278.63	142.24
529.28	287.77	142.29
470.17	291.99	142.31
519.83	283.32	142.33
497.67	270.12	142.36
477.82	259.44	142.40
485.36	260.80	142.42
510.32	279.07	142.45
473.05	287.72	142.48
476.29	274.41	142.49
476.41	265.26	142.52
501.05	274.31	142.53
488.42	265.67	142.54
475.51	283.24	142.59
492.05	269.59	142.60
478.52	269.80	142.62
523.44	287.15	142.67
532.82	291.61	142.67
472.27	296.17	142.67
514.30	282.92	142.68
478.50	278.64	142.71
504.47	278.33	142.72
482.50	264.85	142.74
485.35	269.73	142.78
494.80	274.19	142.79
482.21	274.18	142.83
475.91	292.00	142.88
488.50	274.19	142.91
479.00	260.84	142.98
479.06	287.55	142.99
497.95	278.65	143.01
485.36	278.64	143.04
482.21	283.10	143.05
535.74	296.48	143.07
507.40	283.12	143.08
491.65	278.65	143.11
516.84	287.59	143.18
526.29	292.06	143.27
501.10	283.12	143.30
488.51	283.11	143.30
479.07	296.47	143.33
494.80	283.12	143.37
485.36	287.56	143.38
482.22	292.01	143.38
510.54	287.60	143.48
491.66	287.57	143.61
504.25	287.60	143.65
519.99	292.08	143.67
497.95	287.59	143.70
529.43	296.54	143.73
488.52	292.03	143.75
485.37	296.48	143.80
513.69	292.09	143.94
494.81	292.05	143.98
507.40	292.08	144.08
501.11	292.07	144.09
491.67	296.50	144.16
523.13	296.58	144.18
497.97	296.53	144.41
516.84	296.59	144.46
510.55	295.85	144.49
504.26	296.55	144.55
520.00	298.79	144.67
501.10	298.76	144.69
513.70	298.64	144.81
507.40	298.64	144.82
