585.00	5.00	138.06
575.00	5.00	140.12
505.00	5.00	136.70
495.00	5.00	136.33
445.00	5.00	134.70
415.00	5.00	133.39
405.00	5.00	132.73
395.00	5.00	131.80
375.00	5.00	128.63
585.00	15.00	138.87
575.00	15.00	140.25
565.00	15.00	139.24
555.00	15.00	137.13
545.00	15.00	136.18
535.00	15.00	136.20
525.00	15.00	136.50
515.00	15.00	136.46
485.00	15.00	135.47
475.00	15.00	135.25
465.00	15.00	135.11
455.00	15.00	134.96
445.00	15.00	134.74
435.00	15.00	134.46
425.00	15.00	134.20
405.00	15.00	133.16
395.00	15.00	132.20
385.00	15.00	130.71
375.00	15.00	128.90
595.00	25.00	141.31
585.00	25.00	139.67
575.00	25.00	140.41
565.00	25.00	139.79
555.00	25.00	137.70
545.00	25.00	136.78
535.00	25.00	136.79
505.00	25.00	135.68
495.00	25.00	135.48
485.00	25.00	135.37
475.00	25.00	135.27
465.00	25.00	135.18
445.00	25.00	134.99
435.00	25.00	134.75
425.00	25.00	134.43
415.00	25.00	134.02
405.00	25.00	133.59
385.00	25.00	131.48
375.00	25.00	129.34
595.00	35.00	143.19
585.00	35.00	140.45
575.00	35.00	140.52
555.00	35.00	138.17
545.00	35.00	137.23
535.00	35.00	136.92
525.00	35.00	136.18
505.00	35.00	135.59
495.00	35.00	135.56
485.00	35.00	135.49
475.00	35.00	135.52
455.00	35.00	135.40
445.00	35.00	135.31
435.00	35.00	135.10
425.00	35.00	134.87
405.00	35.00	134.22
395.00	35.00	133.33
385.00	35.00	132.25
375.00	35.00	129.59
595.00	45.00	144.41
585.00	45.00	142.02
575.00	45.00	138.78
545.00	45.00	136.76
535.00	45.00	136.70
525.00	45.00	136.46
515.00	45.00	136.09
505.00	45.00	135.91
485.00	45.00	135.78
475.00	45.00	135.74
465.00	45.00	135.72
455.00	45.00	135.84
435.00	45.00	135.66
425.00	45.00	135.41
415.00	45.00	135.12
405.00	45.00	134.76
395.00	45.00	134.07
385.00	45.00	132.73
375.00	45.00	129.97
595.00	55.00	139.60
585.00	55.00	137.54
575.00	55.00	134.96
565.00	55.00	132.92
555.00	55.00	134.75
545.00	55.00	137.15
535.00	55.00	136.97
525.00	55.00	136.76
515.00	55.00	136.45
505.00	55.00	136.31
495.00	55.00	136.23
485.00	55.00	136.21
475.00	55.00	136.17
465.00	55.00	136.25
455.00	55.00	136.40
445.00	55.00	136.32
435.00	55.00	136.37
425.00	55.00	136.10
415.00	55.00	135.82
405.00	55.00	135.43
395.00	55.00	134.73
385.00	55.00	133.64
375.00	55.00	129.97
595.00	65.00	136.76
585.00	65.00	135.60
575.00	65.00	134.01
565.00	65.00	132.81
555.00	65.00	135.14
545.00	65.00	137.75
535.00	65.00	137.35
525.00	65.00	137.04
515.00	65.00	136.82
505.00	65.00	136.64
495.00	65.00	136.58
485.00	65.00	136.68
475.00	65.00	136.75
465.00	65.00	136.84
455.00	65.00	137.08
445.00	65.00	137.04
435.00	65.00	137.07
425.00	65.00	136.92
415.00	65.00	136.61
405.00	65.00	136.18
395.00	65.00	135.71
385.00	65.00	134.74
375.00	65.00	130.69
365.00	65.00	131.00
595.00	75.00	136.10
585.00	75.00	134.74
575.00	75.00	133.61
565.00	75.00	132.94
555.00	75.00	134.02
545.00	75.00	137.68
535.00	75.00	137.69
525.00	75.00	137.42
515.00	75.00	137.18
505.00	75.00	137.10
495.00	75.00	137.08
485.00	75.00	137.20
475.00	75.00	137.44
465.00	75.00	137.71
455.00	75.00	137.79
445.00	75.00	137.89
435.00	75.00	137.80
425.00	75.00	137.77
415.00	75.00	137.45
405.00	75.00	136.96
395.00	75.00	136.43
385.00	75.00	135.60
375.00	75.00	134.06
365.00	75.00	131.78
595.00	85.00	135.86
585.00	85.00	134.77
575.00	85.00	133.93
565.00	85.00	133.32
555.00	85.00	135.67
545.00	85.00	135.17
535.00	85.00	137.58
525.00	85.00	137.51
515.00	85.00	137.46
505.00	85.00	137.48
495.00	85.00	137.58
485.00	85.00	137.93
475.00	85.00	138.29
465.00	85.00	138.52
455.00	85.00	138.70
445.00	85.00	138.79
435.00	85.00	138.57
425.00	85.00	138.43
415.00	85.00	138.20
405.00	85.00	137.75
395.00	85.00	137.15
385.00	85.00	136.50
375.00	85.00	135.24
365.00	85.00	132.30
595.00	95.00	136.03
585.00	95.00	135.21
575.00	95.00	134.46
565.00	95.00	134.04
555.00	95.00	133.97
545.00	95.00	135.64
535.00	95.00	136.98
525.00	95.00	137.33
515.00	95.00	137.59
505.00	95.00	137.85
495.00	95.00	138.29
485.00	95.00	138.76
475.00	95.00	139.26
465.00	95.00	139.32
455.00	95.00	139.65
445.00	95.00	139.52
435.00	95.00	139.38
425.00	95.00	139.20
415.00	95.00	138.89
405.00	95.00	138.52
395.00	95.00	137.80
385.00	95.00	137.42
375.00	95.00	136.18
365.00	95.00	133.01
595.00	105.00	136.60
585.00	105.00	135.91
575.00	105.00	135.17
565.00	105.00	134.69
555.00	105.00	134.61
525.00	105.00	137.40
515.00	105.00	137.62
505.00	105.00	138.24
495.00	105.00	138.90
485.00	105.00	139.41
475.00	105.00	140.18
465.00	105.00	140.22
455.00	105.00	140.51
445.00	105.00	140.25
435.00	105.00	140.14
425.00	105.00	139.84
415.00	105.00	139.56
405.00	105.00	139.20
395.00	105.00	138.70
385.00	105.00	137.99
375.00	105.00	137.05
365.00	105.00	133.52
595.00	115.00	142.82
585.00	115.00	142.71
575.00	115.00	142.30
565.00	115.00	141.97
555.00	115.00	135.20
545.00	115.00	135.53
515.00	115.00	137.82
505.00	115.00	138.65
495.00	115.00	139.60
485.00	115.00	140.18
475.00	115.00	140.76
465.00	115.00	141.12
455.00	115.00	141.15
445.00	115.00	140.91
435.00	115.00	140.85
425.00	115.00	140.52
415.00	115.00	140.23
405.00	115.00	139.72
395.00	115.00	139.33
385.00	115.00	138.49
375.00	115.00	137.69
365.00	115.00	135.92
355.00	115.00	134.42
595.00	125.00	144.96
585.00	125.00	144.73
575.00	125.00	144.02
565.00	125.00	142.47
555.00	125.00	136.25
545.00	125.00	136.24
515.00	125.00	138.13
505.00	125.00	139.20
495.00	125.00	140.19
485.00	125.00	141.05
475.00	125.00	141.82
465.00	125.00	141.93
455.00	125.00	141.71
445.00	125.00	141.63
435.00	125.00	141.32
425.00	125.00	141.09
415.00	125.00	140.77
405.00	125.00	140.37
395.00	125.00	139.98
385.00	125.00	139.33
375.00	125.00	138.33
365.00	125.00	136.92
355.00	125.00	134.68
595.00	135.00	145.74
585.00	135.00	145.43
575.00	135.00	144.72
565.00	135.00	142.95
555.00	135.00	137.74
545.00	135.00	137.55
525.00	135.00	138.34
515.00	135.00	138.46
505.00	135.00	139.76
495.00	135.00	140.99
485.00	135.00	141.88
475.00	135.00	142.45
465.00	135.00	142.53
455.00	135.00	142.34
445.00	135.00	142.10
435.00	135.00	141.83
425.00	135.00	141.63
415.00	135.00	141.30
405.00	135.00	140.95
395.00	135.00	140.61
385.00	135.00	140.07
375.00	135.00	139.19
365.00	135.00	138.04
355.00	135.00	135.35
595.00	145.00	146.30
585.00	145.00	145.97
575.00	145.00	144.99
565.00	145.00	141.71
555.00	145.00	139.25
545.00	145.00	138.71
535.00	145.00	138.03
525.00	145.00	138.83
515.00	145.00	139.60
505.00	145.00	140.45
495.00	145.00	141.56
485.00	145.00	142.51
475.00	145.00	142.86
465.00	145.00	142.92
455.00	145.00	142.75
445.00	145.00	142.50
425.00	145.00	142.09
415.00	145.00	141.77
405.00	145.00	141.46
395.00	145.00	141.14
385.00	145.00	140.73
375.00	145.00	140.17
365.00	145.00	138.98
355.00	145.00	135.94
595.00	155.00	146.91
585.00	155.00	146.52
575.00	155.00	145.44
565.00	155.00	143.08
555.00	155.00	140.77
545.00	155.00	139.73
535.00	155.00	139.65
525.00	155.00	140.04
515.00	155.00	140.54
505.00	155.00	141.33
495.00	155.00	142.46
485.00	155.00	143.08
475.00	155.00	143.25
465.00	155.00	143.22
455.00	155.00	143.03
445.00	155.00	142.87
435.00	155.00	142.62
395.00	155.00	141.76
385.00	155.00	141.43
355.00	155.00	150.29
595.00	165.00	147.77
585.00	165.00	147.33
575.00	165.00	146.52
565.00	165.00	144.57
555.00	165.00	141.96
545.00	165.00	141.05
535.00	165.00	140.86
525.00	165.00	141.38
515.00	165.00	142.03
505.00	165.00	142.79
495.00	165.00	143.56
485.00	165.00	143.65
475.00	165.00	143.63
465.00	165.00	143.49
455.00	165.00	143.32
445.00	165.00	143.10
395.00	165.00	142.31
385.00	165.00	142.07
345.00	165.00	149.04
595.00	175.00	148.65
585.00	175.00	148.70
575.00	175.00	148.55
565.00	175.00	148.05
555.00	175.00	146.90
545.00	175.00	145.47
535.00	175.00	144.44
525.00	175.00	144.15
515.00	175.00	144.17
505.00	175.00	144.52
495.00	175.00	144.34
485.00	175.00	144.36
475.00	175.00	143.96
465.00	175.00	143.71
455.00	175.00	143.39
345.00	175.00	148.22
595.00	185.00	149.87
585.00	185.00	150.63
575.00	185.00	151.46
565.00	185.00	151.91
555.00	185.00	152.10
545.00	185.00	150.78
535.00	185.00	148.76
525.00	185.00	147.35
515.00	185.00	146.43
505.00	185.00	145.74
495.00	185.00	145.20
485.00	185.00	144.68
475.00	185.00	144.31
465.00	185.00	143.84
345.00	185.00	145.23
335.00	185.00	144.28
595.00	195.00	151.12
585.00	195.00	152.34
575.00	195.00	153.29
565.00	195.00	153.70
555.00	195.00	154.22
545.00	195.00	152.80
535.00	195.00	150.53
525.00	195.00	148.78
515.00	195.00	147.48
505.00	195.00	146.49
495.00	195.00	145.69
485.00	195.00	145.18
475.00	195.00	144.40
465.00	195.00	143.86
365.00	195.00	153.63
355.00	195.00	150.12
345.00	195.00	146.29
335.00	195.00	142.12
325.00	195.00	144.32
315.00	195.00	147.71
305.00	195.00	148.21
595.00	205.00	150.90
585.00	205.00	152.80
575.00	205.00	153.67
565.00	205.00	154.19
555.00	205.00	154.93
545.00	205.00	153.24
535.00	205.00	150.87
525.00	205.00	149.38
515.00	205.00	148.19
505.00	205.00	147.10
495.00	205.00	146.14
485.00	205.00	145.16
475.00	205.00	144.52
375.00	205.00	157.32
365.00	205.00	154.00
355.00	205.00	150.30
345.00	205.00	146.59
335.00	205.00	145.86
325.00	205.00	143.97
315.00	205.00	150.65
305.00	205.00	148.28
595.00	215.00	148.40
585.00	215.00	147.40
575.00	215.00	153.03
565.00	215.00	153.73
555.00	215.00	153.57
545.00	215.00	152.17
535.00	215.00	150.45
525.00	215.00	149.27
515.00	215.00	148.30
505.00	215.00	147.36
495.00	215.00	146.21
485.00	215.00	145.25
475.00	215.00	144.33
385.00	215.00	161.80
375.00	215.00	158.17
365.00	215.00	154.63
355.00	215.00	151.04
345.00	215.00	147.51
335.00	215.00	148.58
325.00	215.00	152.09
315.00	215.00	152.49
305.00	215.00	148.36
595.00	225.00	141.38
585.00	225.00	141.45
575.00	225.00	150.88
565.00	225.00	149.51
555.00	225.00	147.17
545.00	225.00	150.00
535.00	225.00	149.95
525.00	225.00	149.09
515.00	225.00	148.10
505.00	225.00	147.17
495.00	225.00	146.04
485.00	225.00	144.93
475.00	225.00	143.86
385.00	225.00	162.68
375.00	225.00	158.93
365.00	225.00	155.27
355.00	225.00	151.55
345.00	225.00	149.11
335.00	225.00	151.93
325.00	225.00	154.24
315.00	225.00	153.88
305.00	225.00	151.12
595.00	235.00	140.84
585.00	235.00	140.92
575.00	235.00	141.08
565.00	235.00	141.20
555.00	235.00	142.00
545.00	235.00	145.84
535.00	235.00	149.24
525.00	235.00	148.56
515.00	235.00	147.88
505.00	235.00	146.80
495.00	235.00	145.21
485.00	235.00	143.66
475.00	235.00	142.84
395.00	235.00	163.59
385.00	235.00	161.73
375.00	235.00	158.42
365.00	235.00	154.63
355.00	235.00	151.42
345.00	235.00	151.31
335.00	235.00	154.22
325.00	235.00	155.15
315.00	235.00	154.41
305.00	235.00	151.79
595.00	245.00	140.26
585.00	245.00	140.44
575.00	245.00	140.58
565.00	245.00	140.61
555.00	245.00	140.82
545.00	245.00	143.14
535.00	245.00	145.26
525.00	245.00	146.41
515.00	245.00	146.32
505.00	245.00	144.97
495.00	245.00	143.58
485.00	245.00	142.38
475.00	245.00	142.02
465.00	245.00	141.90
395.00	245.00	163.10
385.00	245.00	158.93
375.00	245.00	156.73
365.00	245.00	154.06
355.00	245.00	152.04
345.00	245.00	153.88
335.00	245.00	156.00
325.00	245.00	156.18
315.00	245.00	155.68
305.00	245.00	153.81
595.00	255.00	139.35
585.00	255.00	139.74
575.00	255.00	139.97
565.00	255.00	140.11
555.00	255.00	140.09
545.00	255.00	140.18
535.00	255.00	140.93
525.00	255.00	142.62
515.00	255.00	143.44
505.00	255.00	142.79
495.00	255.00	142.41
485.00	255.00	142.09
475.00	255.00	141.65
465.00	255.00	141.68
405.00	255.00	164.81
395.00	255.00	163.24
385.00	255.00	157.96
375.00	255.00	155.17
365.00	255.00	153.83
355.00	255.00	153.79
345.00	255.00	156.25
335.00	255.00	157.90
325.00	255.00	158.60
315.00	255.00	158.24
305.00	255.00	156.42
595.00	265.00	137.15
585.00	265.00	137.10
575.00	265.00	136.93
565.00	265.00	137.00
555.00	265.00	138.49
545.00	265.00	138.69
535.00	265.00	139.77
525.00	265.00	140.16
515.00	265.00	141.14
505.00	265.00	141.96
495.00	265.00	142.22
485.00	265.00	142.19
475.00	265.00	141.93
465.00	265.00	141.98
405.00	265.00	165.24
395.00	265.00	164.59
385.00	265.00	160.32
375.00	265.00	157.06
365.00	265.00	156.77
355.00	265.00	157.07
345.00	265.00	158.03
335.00	265.00	159.96
325.00	265.00	161.52
315.00	265.00	160.51
305.00	265.00	157.16
595.00	275.00	134.87
585.00	275.00	134.53
575.00	275.00	134.18
565.00	275.00	133.68
555.00	275.00	133.85
545.00	275.00	138.62
535.00	275.00	138.88
525.00	275.00	139.59
475.00	275.00	142.26
465.00	275.00	142.26
405.00	275.00	165.59
395.00	275.00	165.40
385.00	275.00	164.43
375.00	275.00	162.11
365.00	275.00	159.85
355.00	275.00	159.77
345.00	275.00	160.11
335.00	275.00	162.10
325.00	275.00	162.20
315.00	275.00	160.20
305.00	275.00	156.29
595.00	285.00	133.88
585.00	285.00	133.52
575.00	285.00	133.16
565.00	285.00	133.26
475.00	285.00	142.72
465.00	285.00	142.65
405.00	285.00	165.84
395.00	285.00	165.75
385.00	285.00	165.61
375.00	285.00	164.84
365.00	285.00	162.70
355.00	285.00	162.33
345.00	285.00	162.76
335.00	285.00	163.09
325.00	285.00	161.51
315.00	285.00	159.20
305.00	285.00	155.95
595.00	295.00	133.17
585.00	295.00	132.92
575.00	295.00	132.67
485.00	295.00	143.51
475.00	295.00	144.14
465.00	295.00	146.58
405.00	295.00	166.04
395.00	295.00	165.95
385.00	295.00	165.75
375.00	295.00	165.34
365.00	295.00	164.90
355.00	295.00	164.46
345.00	295.00	163.92
335.00	295.00	162.52
325.00	295.00	160.66
315.00	295.00	157.47
305.00	295.00	153.05
435.00	145.00	130.91
415.00	155.00	129.45
405.00	155.00	128.81
375.00	155.00	131.74
365.00	155.00	133.08
435.00	165.00	132.57
425.00	165.00	142.73
415.00	165.00	142.59
405.00	165.00	128.88
375.00	165.00	132.11
365.00	165.00	133.43
355.00	165.00	135.23
445.00	175.00	133.62
435.00	175.00	131.93
425.00	175.00	142.92
415.00	175.00	142.86
405.00	175.00	129.20
395.00	175.00	130.26
385.00	175.00	131.25
375.00	175.00	132.44
365.00	175.00	142.72
355.00	175.00	135.22
455.00	185.00	134.58
435.00	185.00	143.13
425.00	185.00	143.06
415.00	185.00	143.09
405.00	185.00	129.51
395.00	185.00	143.54
385.00	185.00	144.22
375.00	185.00	132.66
365.00	185.00	133.97
355.00	185.00	135.24
455.00	195.00	135.46
445.00	195.00	143.28
435.00	195.00	143.13
425.00	195.00	143.16
415.00	195.00	143.35
405.00	195.00	143.82
395.00	195.00	144.65
385.00	195.00	131.79
375.00	195.00	132.93
465.00	205.00	136.30
455.00	205.00	135.07
445.00	205.00	143.23
435.00	205.00	143.10
425.00	205.00	143.18
415.00	205.00	143.64
405.00	205.00	144.49
395.00	205.00	131.01
385.00	205.00	131.94
465.00	215.00	137.16
455.00	215.00	143.35
445.00	215.00	143.10
435.00	215.00	143.03
425.00	215.00	143.19
415.00	215.00	143.93
405.00	215.00	145.82
395.00	215.00	131.25
465.00	225.00	137.58
455.00	225.00	143.09
445.00	225.00	142.93
435.00	225.00	142.92
425.00	225.00	143.19
415.00	225.00	144.36
405.00	225.00	130.79
395.00	225.00	131.22
465.00	235.00	139.14
455.00	235.00	137.26
445.00	235.00	142.66
435.00	235.00	142.82
425.00	235.00	143.28
415.00	235.00	145.05
405.00	235.00	131.12
455.00	245.00	138.31
445.00	245.00	142.31
435.00	245.00	142.79
425.00	245.00	143.58
415.00	245.00	134.09
405.00	245.00	133.08
455.00	255.00	139.43
445.00	255.00	142.15
435.00	255.00	142.83
425.00	255.00	144.39
415.00	255.00	134.45
455.00	265.00	139.22
445.00	265.00	142.44
435.00	265.00	143.68
425.00	265.00	145.98
415.00	265.00	135.83
455.00	275.00	140.41
445.00	275.00	143.97
435.00	275.00	145.88
425.00	275.00	148.85
415.00	275.00	136.01
455.00	285.00	139.98
445.00	285.00	146.66
435.00	285.00	148.97
425.00	285.00	150.79
415.00	285.00	137.18
455.00	295.00	140.88
445.00	295.00	149.93
435.00	295.00	150.71
425.00	295.00	151.78
415.00	295.00	137.71
415.00	155.00	142.21
405.00	155.00	142.09
375.00	155.00	140.99
365.00	155.00	140.09
435.00	165.00	142.88
405.00	165.00	142.52
375.00	165.00	141.79
365.00	165.00	141.27
355.00	165.00	139.68
445.00	175.00	143.22
435.00	175.00	143.05
405.00	175.00	142.86
395.00	175.00	142.85
385.00	175.00	142.92
375.00	175.00	143.04
355.00	175.00	141.71
455.00	185.00	143.53
405.00	185.00	143.21
455.00	195.00	143.52
465.00	205.00	143.85
455.00	205.00	143.46
465.00	215.00	143.73
465.00	225.00	143.26
465.00	235.00	142.46
455.00	235.00	142.51
455.00	245.00	141.96
455.00	255.00	141.86
455.00	265.00	142.04
455.00	275.00	142.67
455.00	285.00	145.45
455.00	295.00	147.88
425.00	155.00	142.44
445.00	185.00	143.32
