595.00	5.00	123.46
585.00	5.00	126.43
575.00	5.00	127.98
565.00	5.00	128.93
555.00	5.00	128.64
545.00	5.00	128.31
535.00	5.00	127.57
525.00	5.00	126.92
515.00	5.00	125.93
505.00	5.00	125.79
495.00	5.00	124.82
485.00	5.00	124.45
465.00	5.00	124.40
455.00	5.00	124.63
445.00	5.00	125.00
435.00	5.00	125.66
415.00	5.00	126.29
405.00	5.00	126.95
395.00	5.00	127.66
585.00	15.00	127.46
575.00	15.00	128.53
565.00	15.00	129.58
555.00	15.00	129.65
545.00	15.00	129.15
535.00	15.00	128.72
525.00	15.00	128.08
515.00	15.00	127.33
505.00	15.00	126.53
485.00	15.00	125.76
475.00	15.00	125.33
465.00	15.00	125.27
455.00	15.00	125.48
435.00	15.00	125.85
425.00	15.00	126.31
415.00	15.00	126.83
405.00	15.00	127.42
385.00	15.00	128.06
595.00	25.00	128.25
585.00	25.00	129.63
575.00	25.00	130.69
565.00	25.00	130.70
555.00	25.00	130.28
545.00	25.00	129.97
535.00	25.00	129.70
525.00	25.00	129.27
515.00	25.00	128.75
505.00	25.00	128.16
495.00	25.00	127.26
485.00	25.00	126.59
465.00	25.00	126.22
455.00	25.00	126.12
445.00	25.00	126.23
435.00	25.00	126.49
415.00	25.00	126.84
405.00	25.00	127.28
395.00	25.00	127.80
385.00	25.00	128.40
595.00	35.00	130.37
585.00	35.00	132.34
575.00	35.00	132.01
565.00	35.00	131.08
555.00	35.00	130.81
545.00	35.00	130.55
535.00	35.00	130.52
525.00	35.00	130.13
515.00	35.00	129.91
505.00	35.00	129.09
485.00	35.00	127.92
475.00	35.00	127.31
465.00	35.00	126.95
455.00	35.00	126.81
435.00	35.00	126.84
425.00	35.00	127.00
415.00	35.00	127.27
405.00	35.00	127.64
385.00	35.00	128.10
585.00	45.00	132.93
565.00	45.00	130.80
555.00	45.00	130.76
545.00	45.00	130.83
535.00	45.00	130.99
525.00	45.00	131.01
515.00	45.00	130.53
505.00	45.00	129.63
495.00	45.00	128.92
485.00	45.00	128.88
465.00	45.00	127.92
455.00	45.00	127.54
445.00	45.00	127.35
435.00	45.00	127.30
415.00	45.00	127.39
405.00	45.00	127.60
395.00	45.00	127.90
385.00	45.00	128.32
595.00	55.00	130.90
585.00	55.00	133.22
575.00	55.00	130.26
565.00	55.00	129.96
555.00	55.00	130.52
545.00	55.00	131.11
535.00	55.00	131.41
525.00	55.00	131.48
515.00	55.00	131.30
505.00	55.00	130.82
495.00	55.00	130.06
485.00	55.00	129.57
475.00	55.00	128.86
465.00	55.00	128.72
455.00	55.00	128.00
435.00	55.00	127.76
425.00	55.00	127.65
415.00	55.00	127.68
405.00	55.00	127.82
385.00	55.00	128.08
595.00	65.00	130.19
585.00	65.00	130.53
575.00	65.00	130.11
565.00	65.00	130.25
555.00	65.00	130.34
545.00	65.00	131.44
535.00	65.00	132.23
525.00	65.00	131.97
515.00	65.00	131.87
505.00	65.00	131.26
495.00	65.00	131.68
485.00	65.00	130.64
475.00	65.00	129.69
465.00	65.00	129.64
455.00	65.00	128.78
445.00	65.00	128.60
435.00	65.00	128.31
425.00	65.00	128.23
415.00	65.00	127.95
405.00	65.00	127.89
395.00	65.00	127.94
385.00	65.00	128.10
585.00	75.00	130.33
575.00	75.00	129.99
565.00	75.00	130.85
545.00	75.00	132.94
535.00	75.00	133.14
525.00	75.00	133.93
515.00	75.00	133.71
505.00	75.00	133.10
485.00	75.00	132.01
475.00	75.00	131.06
465.00	75.00	130.21
455.00	75.00	129.46
445.00	75.00	129.04
435.00	75.00	128.70
415.00	75.00	128.30
405.00	75.00	128.04
395.00	75.00	127.90
385.00	75.00	128.03
375.00	75.00	129.38
595.00	85.00	130.66
585.00	85.00	130.70
575.00	85.00	130.60
565.00	85.00	130.75
555.00	85.00	132.39
535.00	85.00	135.45
525.00	85.00	135.25
505.00	85.00	134.38
495.00	85.00	133.41
485.00	85.00	132.19
465.00	85.00	131.20
455.00	85.00	130.33
445.00	85.00	129.60
435.00	85.00	129.12
425.00	85.00	128.73
415.00	85.00	128.28
405.00	85.00	127.96
395.00	85.00	127.81
385.00	85.00	128.09
375.00	85.00	129.59
585.00	95.00	131.31
575.00	95.00	131.36
565.00	95.00	132.11
515.00	95.00	135.94
505.00	95.00	134.68
485.00	95.00	133.49
475.00	95.00	132.25
465.00	95.00	131.24
455.00	95.00	130.38
435.00	95.00	129.38
415.00	95.00	128.67
405.00	95.00	128.16
395.00	95.00	127.82
385.00	95.00	128.61
375.00	95.00	129.79
595.00	105.00	132.07
585.00	105.00	131.92
575.00	105.00	131.90
505.00	105.00	136.13
495.00	105.00	134.73
485.00	105.00	133.46
465.00	105.00	132.20
455.00	105.00	131.25
445.00	105.00	130.39
435.00	105.00	129.57
425.00	105.00	129.05
415.00	105.00	128.51
405.00	105.00	127.94
395.00	105.00	127.96
385.00	105.00	128.95
375.00	105.00	130.11
595.00	115.00	137.44
585.00	115.00	132.92
575.00	115.00	132.19
565.00	115.00	131.70
505.00	115.00	136.00
485.00	115.00	134.65
475.00	115.00	133.30
465.00	115.00	132.14
455.00	115.00	131.27
435.00	115.00	130.34
425.00	115.00	129.43
415.00	115.00	128.95
405.00	115.00	128.02
395.00	115.00	128.20
385.00	115.00	129.25
375.00	115.00	130.36
365.00	115.00	132.23
595.00	125.00	134.18
585.00	125.00	134.18
575.00	125.00	131.71
565.00	125.00	136.37
555.00	125.00	130.15
505.00	125.00	136.89
495.00	125.00	135.94
485.00	125.00	134.52
475.00	125.00	133.37
455.00	125.00	132.29
445.00	125.00	131.29
435.00	125.00	130.21
425.00	125.00	129.36
415.00	125.00	128.73
405.00	125.00	128.04
395.00	125.00	128.67
385.00	125.00	129.54
375.00	125.00	130.70
365.00	125.00	132.30
595.00	135.00	136.34
585.00	135.00	136.09
575.00	135.00	134.22
565.00	135.00	130.98
555.00	135.00	133.49
505.00	135.00	136.46
485.00	135.00	137.13
475.00	135.00	134.79
465.00	135.00	133.58
455.00	135.00	132.50
435.00	135.00	131.19
425.00	135.00	129.95
415.00	135.00	129.11
405.00	135.00	128.26
395.00	135.00	129.08
385.00	135.00	129.98
375.00	135.00	131.04
365.00	135.00	132.57
595.00	145.00	136.96
585.00	145.00	137.32
575.00	145.00	135.55
555.00	145.00	132.59
545.00	145.00	136.16
525.00	145.00	137.45
515.00	145.00	135.87
505.00	145.00	135.51
495.00	145.00	137.86
485.00	145.00	138.86
475.00	145.00	138.27
465.00	145.00	136.17
455.00	145.00	133.84
445.00	145.00	132.40
425.00	145.00	130.46
415.00	145.00	129.27
405.00	145.00	128.46
395.00	145.00	129.32
385.00	145.00	130.27
375.00	145.00	131.38
365.00	145.00	132.86
595.00	155.00	136.31
585.00	155.00	136.72
575.00	155.00	134.92
565.00	155.00	133.30
555.00	155.00	134.23
545.00	155.00	135.14
535.00	155.00	136.19
525.00	155.00	136.38
505.00	155.00	136.55
495.00	155.00	137.68
485.00	155.00	138.35
475.00	155.00	138.17
465.00	155.00	137.11
455.00	155.00	135.14
445.00	155.00	133.36
435.00	155.00	131.49
395.00	155.00	129.66
385.00	155.00	130.62
355.00	155.00	136.53
585.00	165.00	135.46
575.00	165.00	135.11
565.00	165.00	134.54
555.00	165.00	134.64
535.00	165.00	135.18
525.00	165.00	136.00
515.00	165.00	136.54
505.00	165.00	137.19
485.00	165.00	137.85
475.00	165.00	137.39
465.00	165.00	136.06
445.00	165.00	134.19
395.00	165.00	129.90
385.00	165.00	130.96
345.00	165.00	137.65
595.00	175.00	134.42
585.00	175.00	134.57
575.00	175.00	134.44
555.00	175.00	134.46
545.00	175.00	134.85
535.00	175.00	135.54
515.00	175.00	136.30
505.00	175.00	136.94
495.00	175.00	137.40
485.00	175.00	137.37
465.00	175.00	136.59
455.00	175.00	135.24
345.00	175.00	138.42
585.00	185.00	133.66
575.00	185.00	133.80
565.00	185.00	134.10
555.00	185.00	134.50
535.00	185.00	135.08
525.00	185.00	135.97
515.00	185.00	136.74
505.00	185.00	137.24
485.00	185.00	137.37
475.00	185.00	136.95
465.00	185.00	135.96
345.00	185.00	136.68
335.00	185.00	139.33
595.00	195.00	132.59
585.00	195.00	133.02
565.00	195.00	133.49
555.00	195.00	133.92
545.00	195.00	134.75
535.00	195.00	135.66
515.00	195.00	136.55
505.00	195.00	137.16
495.00	195.00	137.44
485.00	195.00	137.26
465.00	195.00	136.58
365.00	195.00	134.19
355.00	195.00	135.39
345.00	195.00	136.40
585.00	205.00	131.98
575.00	205.00	132.48
565.00	205.00	133.13
555.00	205.00	133.98
535.00	205.00	135.40
525.00	205.00	136.37
515.00	205.00	137.10
505.00	205.00	137.56
485.00	205.00	137.60
475.00	205.00	137.18
375.00	205.00	133.05
365.00	205.00	134.32
355.00	205.00	135.47
345.00	205.00	136.31
335.00	205.00	137.18
315.00	205.00	139.09
595.00	215.00	130.91
585.00	215.00	131.42
575.00	215.00	132.00
555.00	215.00	133.09
545.00	215.00	134.64
535.00	215.00	136.11
515.00	215.00	136.98
505.00	215.00	137.85
495.00	215.00	137.89
485.00	215.00	137.98
475.00	215.00	137.83
385.00	215.00	132.00
375.00	215.00	133.01
365.00	215.00	134.34
355.00	215.00	135.54
345.00	215.00	136.31
335.00	215.00	136.89
325.00	215.00	137.72
315.00	215.00	141.80
595.00	225.00	129.52
585.00	225.00	130.21
575.00	225.00	130.62
565.00	225.00	131.23
555.00	225.00	130.84
545.00	225.00	132.89
535.00	225.00	135.27
525.00	225.00	136.58
515.00	225.00	137.48
505.00	225.00	138.49
495.00	225.00	138.41
485.00	225.00	138.72
475.00	225.00	138.71
385.00	225.00	131.95
375.00	225.00	132.96
365.00	225.00	134.19
355.00	225.00	135.39
345.00	225.00	136.29
335.00	225.00	136.82
325.00	225.00	137.36
315.00	225.00	140.56
305.00	225.00	143.56
595.00	235.00	128.98
585.00	235.00	129.47
575.00	235.00	129.76
565.00	235.00	129.99
555.00	235.00	130.11
535.00	235.00	133.57
525.00	235.00	136.73
515.00	235.00	138.16
505.00	235.00	139.05
495.00	235.00	139.76
485.00	235.00	139.82
395.00	235.00	131.35
385.00	235.00	132.05
375.00	235.00	132.67
365.00	235.00	133.94
355.00	235.00	135.27
345.00	235.00	136.27
335.00	235.00	136.89
325.00	235.00	137.19
315.00	235.00	137.65
305.00	235.00	142.59
595.00	245.00	129.02
585.00	245.00	129.39
575.00	245.00	129.95
555.00	245.00	130.44
545.00	245.00	132.05
535.00	245.00	134.38
525.00	245.00	137.94
515.00	245.00	139.14
505.00	245.00	140.29
485.00	245.00	140.86
475.00	245.00	140.61
465.00	245.00	139.43
395.00	245.00	131.47
385.00	245.00	132.03
375.00	245.00	132.58
365.00	245.00	133.63
355.00	245.00	134.93
345.00	245.00	136.15
335.00	245.00	136.84
325.00	245.00	137.17
315.00	245.00	137.39
305.00	245.00	137.77
595.00	255.00	128.56
585.00	255.00	129.23
575.00	255.00	129.93
565.00	255.00	130.91
555.00	255.00	132.37
545.00	255.00	134.65
535.00	255.00	133.80
525.00	255.00	137.71
505.00	255.00	140.63
405.00	255.00	133.37
395.00	255.00	131.60
385.00	255.00	131.87
375.00	255.00	132.34
365.00	255.00	133.13
355.00	255.00	134.38
345.00	255.00	135.78
335.00	255.00	136.70
325.00	255.00	137.16
315.00	255.00	137.36
305.00	255.00	137.60
595.00	265.00	128.93
585.00	265.00	129.73
575.00	265.00	131.13
555.00	265.00	133.99
545.00	265.00	133.94
535.00	265.00	137.14
465.00	265.00	140.82
405.00	265.00	134.70
395.00	265.00	133.66
385.00	265.00	132.89
375.00	265.00	132.14
365.00	265.00	132.58
355.00	265.00	133.35
345.00	265.00	134.85
335.00	265.00	136.25
325.00	265.00	137.01
315.00	265.00	137.38
305.00	265.00	137.52
595.00	275.00	128.55
585.00	275.00	129.39
575.00	275.00	130.96
405.00	275.00	135.07
385.00	275.00	134.13
375.00	275.00	133.66
365.00	275.00	133.83
355.00	275.00	134.44
345.00	275.00	134.11
335.00	275.00	135.17
325.00	275.00	136.53
315.00	275.00	137.29
305.00	275.00	137.53
595.00	285.00	129.02
585.00	285.00	130.42
405.00	285.00	136.31
395.00	285.00	135.54
385.00	285.00	134.84
365.00	285.00	134.40
355.00	285.00	135.46
345.00	285.00	135.58
335.00	285.00	134.02
325.00	285.00	135.41
315.00	285.00	136.31
305.00	285.00	137.01
595.00	295.00	128.62
585.00	295.00	129.76
465.00	295.00	142.10
405.00	295.00	136.71
385.00	295.00	136.11
375.00	295.00	135.67
365.00	295.00	135.97
345.00	295.00	136.11
335.00	295.00	132.97
325.00	295.00	134.03
315.00	295.00	134.73
305.00	295.00	135.40
425.00	165.00	130.89
415.00	165.00	129.44
415.00	175.00	130.28
365.00	175.00	133.67
435.00	185.00	133.12
425.00	185.00	131.34
415.00	185.00	129.69
395.00	185.00	130.57
385.00	185.00	131.57
445.00	195.00	133.90
435.00	195.00	132.46
415.00	195.00	130.81
405.00	195.00	129.80
395.00	195.00	130.79
435.00	205.00	133.62
425.00	205.00	132.01
415.00	205.00	130.35
405.00	205.00	130.13
455.00	215.00	136.10
445.00	215.00	134.77
435.00	215.00	133.38
415.00	215.00	131.65
405.00	215.00	130.42
455.00	225.00	136.61
445.00	225.00	135.86
435.00	225.00	134.40
425.00	225.00	133.22
415.00	225.00	132.85
465.00	235.00	138.13
435.00	235.00	135.82
425.00	235.00	134.09
415.00	235.00	132.82
445.00	245.00	137.25
435.00	245.00	135.77
445.00	255.00	138.23
435.00	255.00	137.17
425.00	255.00	135.76
445.00	265.00	138.12
435.00	265.00	137.10
445.00	275.00	138.95
435.00	275.00	138.01
425.00	275.00	137.09
435.00	285.00	138.31
425.00	285.00	137.93
445.00	295.00	139.60
435.00	295.00	138.57
415.00	155.00	129.45
405.00	155.00	128.81
375.00	155.00	131.74
365.00	155.00	133.08
435.00	165.00	132.57
405.00	165.00	128.88
375.00	165.00	132.11
365.00	165.00	133.43
355.00	165.00	135.23
445.00	175.00	133.62
435.00	175.00	131.93
405.00	175.00	129.20
395.00	175.00	130.26
385.00	175.00	131.25
375.00	175.00	132.44
355.00	175.00	135.22
455.00	185.00	134.58
405.00	185.00	129.51
455.00	195.00	135.46
465.00	205.00	136.30
455.00	205.00	135.07
465.00	215.00	137.16
465.00	225.00	137.58
465.00	235.00	139.14
455.00	235.00	137.26
455.00	245.00	138.31
455.00	255.00	139.43
455.00	265.00	139.22
455.00	275.00	140.41
455.00	285.00	139.98
455.00	295.00	140.88
