300.02	300.88	106.24
303.01	341.06	106.67
302.30	331.96	107.16
302.18	305.07	107.31
302.17	349.76	107.74
302.26	323.16	107.79
305.00	345.66	107.94
304.83	336.45	108.04
302.79	314.28	108.06
305.57	301.01	108.22
304.58	327.63	108.65
305.22	308.77	108.79
304.45	318.72	108.84
307.38	341.00	109.15
307.17	305.36	109.43
306.40	331.00	109.45
306.16	314.22	109.54
306.14	323.20	109.65
309.26	300.86	110.16
304.01	355.23	110.73
306.88	350.64	110.81
309.33	345.26	110.86
309.25	336.63	110.92
309.40	309.72	110.97
309.06	318.71	111.26
309.01	327.64	111.30
301.30	362.45	111.93
311.79	305.09	112.02
310.23	332.09	112.07
304.50	358.37	112.23
311.53	340.89	112.38
311.29	314.32	112.39
311.11	323.23	112.72
308.40	353.45	113.07
313.99	300.91	113.16
310.58	349.91	113.54
313.69	309.82	113.58
313.38	318.72	114.02
313.38	328.37	114.60
313.11	335.80	114.64
303.24	367.90	114.77
315.98	305.31	114.81
306.18	363.39	114.94
313.15	346.37	114.99
315.69	314.17	115.26
309.23	358.59	115.50
315.31	323.17	115.75
318.20	300.93	116.15
314.80	332.17	116.17
311.72	354.28	116.31
314.49	340.60	116.37
318.13	309.54	116.62
313.25	349.91	116.77
302.00	376.40	116.78
304.83	372.40	116.91
317.58	318.82	117.03
308.46	366.94	117.31
317.09	327.63	117.69
310.73	363.27	117.78
320.16	305.36	117.80
319.85	314.27	118.24
312.68	359.84	118.44
300.06	386.34	118.71
303.18	381.83	118.80
306.28	377.32	118.94
309.34	372.03	119.06
322.31	300.88	119.19
319.66	323.80	119.19
316.98	336.54	119.50
322.28	310.18	119.65
312.37	367.86	119.77
318.55	331.94	119.82
315.32	354.35	119.96
321.71	318.67	120.05
315.35	345.43	120.10
302.47	389.90	120.55
314.96	363.40	120.59
305.48	385.41	120.73
324.33	305.42	120.84
308.55	380.91	120.86
320.98	327.44	120.87
316.31	358.81	121.04
311.54	376.37	121.13
316.36	349.91	121.20
317.14	339.93	121.22
324.03	314.34	121.26
314.78	371.39	121.74
323.51	323.18	121.98
306.11	389.41	122.00
302.32	399.09	122.01
326.48	300.91	122.23
305.14	393.43	122.25
316.96	367.72	122.33
326.29	309.82	122.49
307.36	389.97	122.59
319.89	336.54	122.64
300.96	407.81	122.68
309.67	386.60	122.69
325.31	319.84	122.77
312.74	382.04	122.90
318.75	363.19	122.93
315.59	376.40	123.02
303.23	404.25	123.04
322.08	332.95	123.14
305.66	398.80	123.20
319.35	354.44	123.43
328.54	305.33	123.80
318.75	372.12	123.81
325.01	327.82	123.87
303.17	412.23	123.90
309.38	394.39	123.97
300.08	434.54	124.00
300.09	443.45	124.02
300.07	496.89	124.06
328.30	314.16	124.19
312.43	390.15	124.40
306.06	407.96	124.49
303.29	474.64	124.50
303.13	421.07	124.52
303.21	483.50	124.53
303.19	465.76	124.54
321.69	358.83	124.61
302.97	456.84	124.61
318.63	345.52	124.63
302.87	492.41	124.65
315.45	385.39	124.66
302.74	447.91	124.70
302.71	430.08	124.71
321.58	367.72	124.71
302.62	438.99	124.75
327.75	323.23	124.85
302.21	501.50	124.89
308.57	403.56	124.92
318.21	380.98	124.97
305.46	416.50	125.04
305.50	479.09	125.08
305.50	470.18	125.09
330.68	300.92	125.12
305.42	461.26	125.18
305.41	488.00	125.20
305.31	452.35	125.32
311.51	398.58	125.37
321.29	340.89	125.37
321.01	376.32	125.40
321.25	350.10	125.40
330.68	309.53	125.42
305.34	425.64	125.44
305.88	443.44	125.64
305.88	496.93	125.65
326.51	331.59	125.66
302.73	510.31	125.67
324.30	336.39	125.69
305.89	434.54	125.72
330.18	318.80	125.81
324.30	363.27	125.83
309.05	474.63	125.99
309.09	412.32	126.02
309.05	465.71	126.06
309.05	483.55	126.06
305.92	505.87	126.19
309.07	456.80	126.22
315.41	394.57	126.24
317.89	389.19	126.28
309.07	492.48	126.31
324.40	372.29	126.35
308.63	421.22	126.40
311.55	406.90	126.43
309.09	447.88	126.44
302.31	519.31	126.45
308.60	438.97	126.50
324.38	354.19	126.50
308.59	430.09	126.56
332.84	305.36	126.60
308.57	501.44	126.62
320.91	384.54	126.65
329.65	327.63	126.65
305.16	513.72	126.65
311.70	470.17	126.69
311.70	479.10	126.70
311.46	462.35	126.73
311.45	486.90	126.76
310.67	452.36	126.76
326.37	367.72	126.84
313.75	403.36	126.87
310.58	416.72	126.89
310.58	496.90	126.90
326.32	358.81	126.91
332.61	314.27	126.92
307.40	510.27	126.94
323.14	381.09	126.95
310.53	443.45	126.97
323.10	345.45	127.01
310.42	434.54	127.13
310.41	425.63	127.14
300.22	529.13	127.14
312.54	456.85	127.14
313.55	474.63	127.15
313.51	465.72	127.21
313.50	483.54	127.22
312.53	492.40	127.22
315.91	399.93	127.24
331.62	324.25	127.25
309.61	506.82	127.27
312.49	412.16	127.29
325.33	377.62	127.32
598.85	327.63	127.32
305.69	519.08	127.35
303.29	524.57	127.35
312.49	447.94	127.39
318.75	394.25	127.45
334.48	300.89	127.48
328.20	363.28	127.50
311.99	439.02	127.51
312.00	501.31	127.53
315.16	470.18	127.58
598.84	318.75	127.58
315.16	479.08	127.58
311.96	421.15	127.59
325.23	349.08	127.62
327.71	372.12	127.64
328.15	336.27	127.65
325.22	341.78	127.68
311.99	430.09	127.68
315.17	461.28	127.72
321.42	389.88	127.73
308.87	514.65	127.75
315.17	487.97	127.76
598.81	309.83	127.80
327.74	354.43	127.89
598.80	300.91	127.92
315.18	452.38	127.98
335.07	309.78	128.10
315.19	496.88	128.12
315.77	407.76	128.17
312.05	510.23	128.19
331.45	332.01	128.23
334.43	318.69	128.25
302.60	532.47	128.26
318.36	474.63	128.37
325.18	385.48	128.38
595.63	305.36	128.47
595.17	323.19	128.47
315.81	443.46	128.48
595.07	314.27	128.58
318.96	465.73	128.59
318.94	483.53	128.60
595.20	332.24	128.65
331.37	367.71	128.66
306.48	528.42	128.70
318.78	456.82	128.77
331.52	358.50	128.81
315.75	434.21	128.82
315.65	416.99	128.82
318.74	403.54	128.83
328.22	381.28	128.84
315.77	506.11	128.85
318.91	492.77	128.89
309.38	523.85	128.89
315.66	425.65	128.98
334.47	327.53	128.99
328.19	345.53	129.08
318.67	447.97	129.09
592.17	300.87	129.11
312.33	519.04	129.12
598.74	336.61	129.13
337.32	305.36	129.17
321.57	470.18	129.18
592.47	309.82	129.18
321.55	479.09	129.18
318.36	501.38	129.20
330.96	376.66	129.20
321.47	398.96	129.23
321.30	461.23	129.27
592.69	318.74	129.29
321.22	488.06	129.30
333.78	363.26	129.33
318.04	438.91	129.34
314.99	514.57	129.37
330.75	350.05	129.37
337.05	314.31	129.40
592.73	327.63	129.42
330.69	340.83	129.44
317.94	412.40	129.46
321.03	452.71	129.50
302.19	541.23	129.52
324.37	394.28	129.54
305.25	536.73	129.58
333.61	371.83	129.60
321.14	496.92	129.65
333.60	336.25	129.66
589.84	305.37	129.69
333.70	354.34	129.70
336.87	322.86	129.71
318.07	430.08	129.73
317.92	510.29	129.75
308.44	532.58	129.78
324.14	474.63	129.79
327.25	389.69	129.79
318.05	421.18	129.87
324.76	465.71	130.01
324.77	483.55	130.05
321.63	443.42	130.13
312.18	528.15	130.15
589.22	314.30	130.21
324.78	456.79	130.27
337.37	358.80	130.29
340.02	300.93	130.29
586.08	300.93	130.33
324.79	492.47	130.35
321.64	505.86	130.35
337.39	367.75	130.39
315.35	523.70	130.43
331.11	385.63	130.44
337.41	332.13	130.45
334.23	345.43	130.48
321.70	407.89	130.56
321.68	434.50	130.68
327.95	470.17	130.71
324.81	447.86	130.71
327.96	479.10	130.73
589.59	323.30	130.74
340.16	309.86	130.76
318.52	519.26	130.76
337.38	349.85	130.77
334.28	381.19	130.79
324.17	402.51	130.80
586.04	309.87	130.82
324.82	501.41	130.84
327.96	461.24	130.88
305.21	545.05	130.89
302.06	549.50	130.90
340.55	363.29	130.93
308.35	540.56	130.94
327.97	488.03	130.95
321.20	425.59	130.97
340.53	354.32	130.99
321.18	514.84	131.00
337.40	341.03	131.01
340.10	318.75	131.01
321.20	416.76	131.01
336.93	376.78	131.02
324.10	439.97	131.02
593.10	335.61	131.03
583.63	304.38	131.04
311.47	536.05	131.04
327.22	495.89	131.11
327.45	452.29	131.12
340.07	327.64	131.13
329.62	465.72	131.15
327.19	397.89	131.15
339.78	371.13	131.19
314.56	531.51	131.20
329.58	483.54	131.20
324.02	509.20	131.22
339.77	335.46	131.24
586.83	317.63	131.25
330.34	473.52	131.25
596.37	340.00	131.27
343.15	358.83	131.29
339.73	346.54	131.31
581.37	300.91	131.33
590.83	332.09	131.34
329.49	394.45	131.35
316.88	528.09	131.35
326.31	443.45	131.38
329.46	456.81	131.38
342.05	349.91	131.39
342.04	305.36	131.41
323.13	430.09	131.42
342.02	367.72	131.43
344.36	353.26	131.47
329.39	492.45	131.47
331.75	391.09	131.50
326.22	505.81	131.50
319.14	524.72	131.52
323.04	412.27	131.55
331.46	479.06	131.55
331.69	469.08	131.57
584.70	314.27	131.59
598.75	343.03	131.60
340.90	340.98	131.60
344.30	364.30	131.64
341.87	332.09	131.64
341.86	314.27	131.65
331.43	461.31	131.67
328.52	446.89	131.69
328.27	501.27	131.69
334.83	386.53	131.71
325.11	434.64	131.71
582.59	309.69	131.71
346.75	349.95	131.73
346.71	358.78	131.74
322.91	421.18	131.74
341.80	323.18	131.75
331.41	487.95	131.77
322.20	520.13	131.79
343.98	300.79	131.82
343.56	345.52	131.84
324.60	514.64	131.85
305.71	550.21	131.87
340.35	376.53	131.87
308.86	545.76	131.88
325.05	407.65	131.89
349.88	354.33	131.89
330.91	452.40	131.92
302.57	554.66	131.92
337.90	381.97	131.92
343.55	336.54	131.95
312.01	541.32	131.95
579.94	305.29	131.95
353.02	349.90	131.96
588.76	328.53	131.98
349.93	345.53	132.05
330.92	496.86	132.06
315.17	536.89	132.08
327.76	439.06	132.09
334.08	474.63	132.10
343.53	372.10	132.11
343.47	309.79	132.14
334.08	465.73	132.14
343.51	327.67	132.18
324.58	425.67	132.19
334.08	483.52	132.24
327.78	510.21	132.25
327.73	403.24	132.27
318.33	532.45	132.27
346.71	367.66	132.28
576.76	300.86	132.31
343.49	318.72	132.36
346.75	340.97	132.37
349.87	363.22	132.39
334.10	456.84	132.40
353.03	358.77	132.46
585.68	323.08	132.50
346.73	332.13	132.50
321.49	528.02	132.50
330.95	443.49	132.52
349.89	336.58	132.53
356.18	354.33	132.55
356.19	345.50	132.56
334.10	492.42	132.58
330.92	398.81	132.59
330.95	505.78	132.67
325.16	416.71	132.67
353.03	341.00	132.67
359.33	349.89	132.78
337.27	470.18	132.78
324.66	523.58	132.78
346.72	305.34	132.85
337.27	479.08	132.85
359.36	341.03	132.89
334.12	447.93	132.90
337.28	461.28	132.91
334.72	394.39	132.95
362.50	345.45	133.03
582.44	318.98	133.04
328.30	430.11	133.06
349.89	300.89	133.08
356.20	336.56	133.10
337.98	390.30	133.16
353.05	332.11	133.21
337.75	487.99	133.22
579.37	314.49	133.22
341.02	385.80	133.26
328.42	519.47	133.28
334.76	501.71	133.29
576.27	310.01	133.31
344.06	381.29	133.36
356.84	363.56	133.37
353.69	367.99	133.38
337.82	452.06	133.39
592.31	341.04	133.40
347.32	314.62	133.40
573.27	305.50	133.41
350.39	372.38	133.42
347.28	322.85	133.42
347.16	376.81	133.42
359.88	359.07	133.43
312.40	550.48	133.45
331.29	434.39	133.45
309.25	554.94	133.45
366.25	340.69	133.47
315.50	546.01	133.48
306.04	559.36	133.49
362.85	354.53	133.51
331.21	514.83	133.51
350.36	327.49	133.52
363.01	336.36	133.53
340.79	474.61	133.54
340.80	465.75	133.54
318.54	541.51	133.55
302.78	563.77	133.57
595.66	345.62	133.57
337.45	496.85	133.60
365.83	349.79	133.61
570.63	301.03	133.62
327.92	412.24	133.64
589.31	336.55	133.64
349.85	309.85	133.64
334.12	438.96	133.65
340.41	483.55	133.65
321.47	537.09	133.65
340.34	456.78	133.66
356.20	300.60	133.67
359.31	332.31	133.67
327.83	421.18	133.68
352.78	305.22	133.71
368.47	345.24	133.74
333.78	510.48	133.74
324.48	532.43	133.79
336.97	443.64	133.81
349.59	318.72	133.85
355.94	328.01	133.86
599.00	349.84	133.88
339.96	492.14	133.90
327.39	527.84	133.95
362.51	300.92	133.95
343.18	470.18	134.00
368.82	336.53	134.00
339.94	447.89	134.05
343.09	461.26	134.05
353.07	323.17	134.08
336.87	505.83	134.09
343.09	479.09	134.10
365.67	332.07	134.10
368.81	300.93	134.10
330.60	407.61	134.11
371.98	340.99	134.12
330.42	425.97	134.16
353.07	314.28	134.16
359.37	305.38	134.16
336.58	398.58	134.20
330.46	523.66	134.23
333.53	403.08	134.23
356.22	309.83	134.23
359.39	367.76	134.24
362.54	363.30	134.24
362.52	327.61	134.26
365.69	358.85	134.30
586.49	331.93	134.30
375.12	300.94	134.31
356.24	372.23	134.32
365.67	305.39	134.38
359.37	323.16	134.39
368.84	354.39	134.39
356.22	318.72	134.39
564.39	309.12	134.39
567.10	305.44	134.44
340.51	394.51	134.45
343.65	452.34	134.45
570.30	309.94	134.46
343.66	390.05	134.49
353.10	376.70	134.51
343.66	488.01	134.52
362.52	309.83	134.52
372.00	349.94	134.53
359.37	314.28	134.53
583.55	327.42	134.54
346.81	385.60	134.57
371.97	305.40	134.57
340.52	501.39	134.60
349.96	381.16	134.61
381.42	300.95	134.62
368.83	327.60	134.64
371.99	332.06	134.65
362.52	318.72	134.66
365.67	323.16	134.67
334.23	519.23	134.68
346.81	465.72	134.69
334.22	430.02	134.71
375.16	345.49	134.73
368.82	309.84	134.73
375.15	336.51	134.75
346.82	474.64	134.76
365.67	314.28	134.77
573.46	314.42	134.78
315.33	554.90	134.80
312.18	559.36	134.81
346.81	456.80	134.83
337.37	434.47	134.83
318.48	550.45	134.83
378.28	305.41	134.84
309.03	563.82	134.86
340.52	438.93	134.90
321.64	545.99	134.92
368.83	318.72	134.93
305.88	568.28	134.96
375.13	309.85	134.99
576.58	318.90	135.00
337.40	514.79	135.00
346.83	483.57	135.01
387.73	300.97	135.01
343.69	496.95	135.01
343.67	443.40	135.01
371.98	314.29	135.03
371.99	323.16	135.04
324.80	541.54	135.05
378.33	341.00	135.07
579.71	323.38	135.07
302.73	572.75	135.09
560.31	311.04	135.10
563.93	300.96	135.17
562.30	305.50	135.17
375.15	327.61	135.18
346.82	447.86	135.19
384.58	305.42	135.19
327.96	537.09	135.22
368.87	363.35	135.24
365.72	367.82	135.25
567.12	312.28	135.28
375.14	318.73	135.28
349.98	461.26	135.29
331.14	416.72	135.29
372.03	358.89	135.29
349.99	470.19	135.30
381.44	309.87	135.33
340.56	510.34	135.33
362.58	372.30	135.35
378.29	314.30	135.37
333.56	527.19	135.38
378.32	332.06	135.41
375.19	354.43	135.42
331.12	532.65	135.42
346.86	492.50	135.42
359.46	376.09	135.44
394.04	300.99	135.45
346.12	393.54	135.46
349.98	452.33	135.47
350.00	479.11	135.49
342.95	397.99	135.50
349.25	389.05	135.52
355.53	380.15	135.53
377.85	350.00	135.54
589.96	344.49	135.54
378.30	323.18	135.55
343.20	505.93	135.56
593.14	348.95	135.57
352.38	384.56	135.58
390.89	305.44	135.61
336.63	522.62	135.61
346.06	440.00	135.63
349.24	486.95	135.64
333.48	422.18	135.64
342.90	435.54	135.64
339.74	402.38	135.66
351.62	474.63	135.68
383.83	313.25	135.68
587.60	341.00	135.69
387.76	309.16	135.69
339.73	431.11	135.70
380.94	318.77	135.70
349.19	444.51	135.71
379.94	327.63	135.71
352.36	457.91	135.72
352.61	465.73	135.73
380.96	336.53	135.73
336.57	426.67	135.74
346.04	500.26	135.75
380.70	344.34	135.75
596.37	353.32	135.77
338.93	519.18	135.80
317.65	558.18	135.80
314.49	562.64	135.81
320.79	553.71	135.83
351.50	447.90	135.84
311.33	567.08	135.85
397.16	303.13	135.86
323.13	550.36	135.88
569.60	315.30	135.88
308.96	570.37	135.89
336.51	406.73	135.90
333.40	411.17	135.91
372.72	364.35	135.93
351.44	483.54	135.93
382.15	324.29	135.94
369.58	368.79	135.94
325.46	546.99	135.94
306.58	573.69	135.95
394.77	306.41	135.96
598.75	356.47	135.98
348.25	496.90	135.99
353.53	452.39	135.99
382.12	330.99	135.99
341.18	515.80	135.99
375.84	359.87	135.99
384.52	318.68	136.00
353.76	471.27	136.00
585.46	337.64	136.02
387.67	314.21	136.02
366.40	373.20	136.02
354.51	461.27	136.03
303.39	578.09	136.05
328.57	542.48	136.06
391.58	310.81	136.08
403.42	300.82	136.12
378.94	355.36	136.14
350.33	492.37	136.14
300.21	582.49	136.16
349.86	439.07	136.16
353.48	479.04	136.16
382.77	341.00	136.17
349.84	394.36	136.17
346.70	398.79	136.19
381.32	349.85	136.19
560.54	300.85	136.19
331.67	537.95	136.20
363.20	377.55	136.20
353.01	443.49	136.21
334.56	532.38	136.21
346.71	434.64	136.22
359.31	380.94	136.26
344.24	511.21	136.26
400.28	305.28	136.27
384.50	327.61	136.28
572.90	319.59	136.30
352.98	389.91	136.30
356.15	456.82	136.31
346.66	505.74	136.32
356.14	465.71	136.33
337.21	527.99	136.34
343.56	430.19	136.37
397.13	309.75	136.41
343.56	403.22	136.41
356.14	385.44	136.41
356.16	447.92	136.43
384.48	336.52	136.44
352.98	487.95	136.44
387.67	323.14	136.49
393.98	314.21	136.51
356.14	474.61	136.52
582.47	332.90	136.54
576.14	323.93	136.55
390.83	318.68	136.55
340.40	425.75	136.59
375.06	367.65	136.60
409.73	300.85	136.60
340.37	523.55	136.60
371.91	372.10	136.62
349.83	501.30	136.64
384.48	345.43	136.65
378.21	363.21	136.65
579.34	328.34	136.67
356.19	439.03	136.71
406.58	305.31	136.73
368.77	376.55	136.74
318.35	563.62	136.76
315.20	568.08	136.78
321.49	559.17	136.78
359.31	461.26	136.80
359.35	443.45	136.80
381.36	358.77	136.80
359.32	452.36	136.82
312.05	572.54	136.82
362.59	438.99	136.82
353.04	434.59	136.83
324.64	554.72	136.83
356.15	483.51	136.85
334.38	416.80	136.85
387.66	332.06	136.86
403.44	309.77	136.87
337.20	421.31	136.87
343.54	519.11	136.88
340.40	407.67	136.88
308.91	577.00	136.88
353.03	398.88	136.90
327.80	550.28	136.92
359.31	470.16	136.94
365.63	381.02	136.95
305.77	581.46	136.96
349.89	403.31	136.97
353.01	496.87	136.97
349.89	430.14	136.97
400.29	314.23	137.00
302.62	585.92	137.03
330.95	545.84	137.05
384.51	354.33	137.05
390.83	327.60	137.07
416.04	300.87	137.08
356.18	394.44	137.08
397.14	318.69	137.10
563.45	314.48	137.13
393.99	323.15	137.14
346.71	514.68	137.16
412.89	305.33	137.18
362.49	385.49	137.20
346.75	425.68	137.20
365.09	438.95	137.20
387.67	340.98	137.20
334.11	541.39	137.21
356.21	403.35	137.23
359.32	479.07	137.26
362.48	456.81	137.27
362.49	447.90	137.29
346.75	407.76	137.30
409.75	309.78	137.30
359.36	434.56	137.31
356.17	492.43	137.32
359.34	389.97	137.32
359.36	407.81	137.34
353.06	407.79	137.35
362.48	465.72	137.36
359.35	398.91	137.38
362.50	412.26	137.41
387.68	349.89	137.43
356.20	430.10	137.44
406.60	314.24	137.45
378.24	372.15	137.45
362.50	403.36	137.46
375.09	376.60	137.48
356.22	412.26	137.48
381.39	367.70	137.49
353.06	425.65	137.50
588.83	350.08	137.51
337.86	536.96	137.54
422.35	300.89	137.56
591.96	354.53	137.56
343.60	421.22	137.57
371.95	381.06	137.57
350.47	510.24	137.57
403.45	318.70	137.59
359.36	416.71	137.61
384.54	363.25	137.62
419.20	305.34	137.62
585.80	345.60	137.62
349.92	412.26	137.64
349.91	421.19	137.65
557.50	305.53	137.65
353.06	416.72	137.68
368.80	385.52	137.68
362.51	394.45	137.69
391.43	336.53	137.70
595.19	358.95	137.70
400.30	323.16	137.71
356.21	421.18	137.71
416.05	309.80	137.72
337.15	412.15	137.72
362.98	474.62	137.74
366.02	443.45	137.75
365.66	389.99	137.77
566.94	318.82	137.77
340.97	532.80	137.77
366.27	407.81	137.80
359.96	488.35	137.82
353.53	506.06	137.83
366.05	461.27	137.84
397.44	328.03	137.84
343.60	412.24	137.86
346.76	416.73	137.86
394.66	332.39	137.88
366.17	452.04	137.88
413.19	314.67	137.90
598.52	363.35	137.90
366.18	398.91	137.90
359.82	425.63	137.91
388.18	359.08	137.91
343.86	528.21	137.93
582.70	340.78	137.95
391.27	345.41	137.99
365.96	416.88	138.00
362.88	421.35	138.01
356.58	501.12	138.02
365.94	470.07	138.03
409.80	319.12	138.04
365.35	434.69	138.05
428.75	300.95	138.07
425.61	305.41	138.07
362.58	483.52	138.07
318.43	572.64	138.08
302.88	594.65	138.08
315.28	577.09	138.08
321.75	567.93	138.08
362.24	429.98	138.08
312.31	581.25	138.09
337.56	414.84	138.10
368.74	403.35	138.10
346.71	523.67	138.10
422.44	309.57	138.10
305.79	590.44	138.10
324.69	563.71	138.10
308.94	585.98	138.10
368.64	394.49	138.11
390.76	354.39	138.11
368.57	412.34	138.13
570.37	323.04	138.14
368.47	456.79	138.14
327.78	559.23	138.14
406.32	323.07	138.15
377.98	380.96	138.17
418.70	314.08	138.17
381.15	376.51	138.17
371.55	389.80	138.18
359.17	496.80	138.18
374.74	385.38	138.18
330.83	554.73	138.20
384.22	372.01	138.20
402.76	327.35	138.25
555.07	301.10	138.25
368.29	465.38	138.26
340.39	416.74	138.27
387.18	367.45	138.27
349.61	519.02	138.27
333.86	550.21	138.27
393.51	340.69	138.31
365.13	478.76	138.32
580.03	336.45	138.32
416.06	318.73	138.36
368.40	447.90	138.37
336.85	545.68	138.37
393.50	349.91	138.42
352.47	514.41	138.44
390.25	363.28	138.44
362.06	492.46	138.44
371.97	398.91	138.44
368.45	438.96	138.45
400.32	332.10	138.46
573.88	327.54	138.46
339.82	541.13	138.49
371.97	407.82	138.50
365.68	425.64	138.50
428.66	309.83	138.50
431.82	305.37	138.52
397.17	336.56	138.55
412.91	323.20	138.55
425.51	314.28	138.55
434.97	300.92	138.59
368.83	421.19	138.60
577.10	331.93	138.63
422.36	318.74	138.66
375.12	394.46	138.66
409.77	327.66	138.75
394.03	358.83	138.76
371.98	416.74	138.76
378.28	390.01	138.78
368.84	474.65	138.79
371.99	461.28	138.82
372.00	452.34	138.83
356.25	510.31	138.83
375.13	403.36	138.83
419.22	323.21	138.83
381.43	385.56	138.84
365.70	488.01	138.88
431.82	314.29	138.89
343.66	537.04	138.89
384.58	381.11	138.89
397.18	345.45	138.91
434.97	309.83	138.91
428.67	318.74	138.93
371.99	470.22	138.94
406.62	332.12	138.95
387.74	376.66	138.95
305.85	599.40	139.00
438.13	305.37	139.01
375.14	412.28	139.01
368.84	430.10	139.01
359.41	505.86	139.01
397.19	354.37	139.04
390.89	372.21	139.05
416.07	327.67	139.05
425.52	323.21	139.05
403.48	336.58	139.09
378.29	398.92	139.09
346.82	532.60	139.11
309.01	594.95	139.12
400.33	341.02	139.13
372.02	443.42	139.14
441.28	300.92	139.16
394.04	367.75	139.18
362.56	501.41	139.18
312.16	590.51	139.20
371.99	425.66	139.21
434.97	318.74	139.22
422.37	327.67	139.24
368.86	483.57	139.25
315.32	586.06	139.25
431.82	323.20	139.25
438.13	314.29	139.26
381.44	394.47	139.28
318.47	581.61	139.28
375.17	456.81	139.29
378.30	407.83	139.29
412.92	332.14	139.30
321.62	577.16	139.31
400.34	349.92	139.32
324.78	572.71	139.35
349.99	528.15	139.35
397.20	363.30	139.35
372.01	434.54	139.36
441.28	309.83	139.37
375.15	421.21	139.37
365.72	496.95	139.38
428.66	327.67	139.38
327.93	568.26	139.40
375.17	465.73	139.40
384.59	390.03	139.40
331.09	563.81	139.46
375.17	447.88	139.49
419.22	332.14	139.50
438.12	323.20	139.50
387.75	385.58	139.50
409.78	336.60	139.52
434.97	327.66	139.52
403.49	345.47	139.53
334.24	559.36	139.55
400.35	358.84	139.55
381.45	403.38	139.55
444.44	305.37	139.56
441.28	318.74	139.56
378.31	416.75	139.57
390.90	381.13	139.59
353.15	523.71	139.59
406.64	341.04	139.59
425.51	332.14	139.60
560.31	311.04	139.60
589.17	358.99	139.61
372.03	479.12	139.62
564.67	322.45	139.63
599.31	371.42	139.64
337.40	554.91	139.66
431.81	332.13	139.66
586.01	354.54	139.66
592.33	363.45	139.67
583.30	350.16	139.67
580.39	344.63	139.67
444.44	314.29	139.68
368.88	492.49	139.68
394.05	376.68	139.68
375.16	430.11	139.71
375.17	438.98	139.72
438.11	332.11	139.73
441.28	327.65	139.74
403.50	354.38	139.75
384.61	398.93	139.77
416.07	336.61	139.79
340.56	550.46	139.79
397.21	372.22	139.79
595.48	367.92	139.81
381.46	412.30	139.81
447.61	300.92	139.82
356.31	519.27	139.82
346.15	540.55	139.86
560.90	318.88	139.86
444.44	323.19	139.87
422.36	336.60	139.87
378.34	461.28	139.88
378.33	452.34	139.88
447.61	309.82	139.89
361.88	509.36	139.89
406.65	349.93	139.91
428.66	336.60	139.91
434.96	336.60	139.91
358.97	514.87	139.92
400.36	367.77	139.92
441.26	336.58	139.93
378.31	425.67	139.93
444.43	332.09	139.93
387.76	394.49	139.94
343.72	546.01	139.95
365.00	504.87	139.97
375.18	474.69	139.98
409.79	345.48	139.99
314.60	593.94	139.99
551.89	305.52	140.00
412.93	341.04	140.00
311.70	599.47	140.01
567.96	326.71	140.02
577.36	339.99	140.03
368.13	500.37	140.04
447.61	318.75	140.04
372.05	488.04	140.04
349.24	536.00	140.04
384.62	407.84	140.06
378.33	443.43	140.06
403.51	363.31	140.06
390.91	390.04	140.07
317.72	589.45	140.08
377.83	470.26	140.08
450.20	313.88	140.10
549.77	300.91	140.11
447.10	327.63	140.11
379.97	456.81	140.12
378.32	434.55	140.12
393.55	385.62	140.13
381.47	421.22	140.13
320.84	584.96	140.14
396.44	380.05	140.14
419.21	341.06	140.14
406.14	358.87	140.15
425.51	340.34	140.15
387.00	402.31	140.15
431.81	340.34	140.17
450.24	305.38	140.17
438.11	340.34	140.18
374.40	482.46	140.18
323.98	580.48	140.19
443.63	339.99	140.19
409.02	353.30	140.20
379.91	447.90	140.20
447.59	336.58	140.20
383.83	415.63	140.22
554.70	309.85	140.23
415.30	344.39	140.23
371.23	495.80	140.23
379.89	430.09	140.23
399.56	375.55	140.24
327.11	576.00	140.24
379.89	465.72	140.24
352.32	531.44	140.24
412.15	348.82	140.25
449.16	332.09	140.27
570.40	329.90	140.28
389.31	398.91	140.28
330.24	571.52	140.29
575.11	336.54	140.30
449.13	323.18	140.30
379.83	439.00	140.31
401.89	372.18	140.31
422.36	343.22	140.32
332.57	568.18	140.34
452.25	300.91	140.36
428.66	343.17	140.37
386.09	412.27	140.38
404.21	368.81	140.39
334.92	564.81	140.39
354.58	528.09	140.40
391.61	395.54	140.40
382.15	426.73	140.40
376.63	479.09	140.40
452.19	309.82	140.41
434.96	343.13	140.41
572.80	333.15	140.42
419.19	346.13	140.43
451.17	318.69	140.43
381.87	452.37	140.44
409.72	358.77	140.46
388.17	407.77	140.47
451.18	336.50	140.48
338.04	560.31	140.48
381.86	461.25	140.48
441.26	343.06	140.48
407.33	364.31	140.48
450.65	327.64	140.48
373.41	492.45	140.49
416.03	349.86	140.49
425.50	345.38	140.50
397.10	385.49	140.51
412.87	354.32	140.51
381.86	443.46	140.53
381.86	434.53	140.53
394.71	391.02	140.53
385.00	421.13	140.55
356.90	524.65	140.55
341.15	555.81	140.58
431.80	345.36	140.59
378.93	475.63	140.60
447.51	341.60	140.60
315.18	599.27	140.61
400.26	381.03	140.61
453.80	305.35	140.62
390.81	403.32	140.62
362.41	514.61	140.64
375.52	487.92	140.66
381.33	470.13	140.67
371.90	501.27	140.67
453.79	314.25	140.68
438.10	345.35	140.68
347.16	545.75	140.69
344.25	551.29	140.70
403.41	376.58	140.71
387.66	416.69	140.71
368.73	505.69	140.73
422.34	349.85	140.73
365.57	510.15	140.73
558.08	314.12	140.74
359.98	520.09	140.75
318.33	594.81	140.75
384.51	430.07	140.75
349.81	541.35	140.77
595.75	372.68	140.79
406.56	372.13	140.80
393.96	398.87	140.80
453.79	332.11	140.83
580.01	349.73	140.83
375.05	496.90	140.84
598.84	376.45	140.85
384.49	456.81	140.85
384.50	447.91	140.85
378.19	483.50	140.86
321.49	590.36	140.87
419.19	354.31	140.87
384.51	438.99	140.87
409.72	367.68	140.87
444.38	345.34	140.90
588.72	364.09	140.90
428.65	349.84	140.91
453.80	323.17	140.92
412.88	363.23	140.92
591.87	368.53	140.93
416.03	358.77	140.93
390.81	412.24	140.94
561.11	323.62	140.94
585.59	359.62	140.95
397.12	394.41	140.95
456.95	300.89	140.95
324.64	585.90	140.96
352.97	536.91	140.99
387.67	425.61	141.00
548.49	305.27	141.02
557.23	319.53	141.02
384.50	465.70	141.02
327.79	581.45	141.05
582.48	355.12	141.06
400.27	389.96	141.08
550.99	310.63	141.08
434.95	349.83	141.09
453.81	340.90	141.11
456.96	309.80	141.12
330.94	577.00	141.13
381.36	479.05	141.14
393.97	407.79	141.15
554.14	315.08	141.16
425.49	354.31	141.16
576.83	345.33	141.16
403.42	385.51	141.19
387.67	434.53	141.20
334.10	572.55	141.21
356.14	532.47	141.22
390.82	421.16	141.24
564.18	327.43	141.27
406.58	381.05	141.28
387.67	443.45	141.28
337.25	568.10	141.29
387.67	452.36	141.31
456.94	336.53	141.32
378.22	492.43	141.32
422.34	358.77	141.32
397.13	403.34	141.34
441.24	349.83	141.34
456.96	318.71	141.36
409.73	376.60	141.36
450.68	345.36	141.38
378.21	501.30	141.39
340.40	563.65	141.40
419.19	363.23	141.41
384.52	474.60	141.41
412.88	372.15	141.41
387.67	461.26	141.42
431.80	354.31	141.42
416.03	367.69	141.43
456.96	327.64	141.45
393.98	416.70	141.46
359.30	528.03	141.47
460.12	305.35	141.48
390.83	430.07	141.49
400.28	398.88	141.50
545.28	300.85	141.51
343.56	559.20	141.51
381.37	487.97	141.59
403.43	394.43	141.64
390.83	438.99	141.64
346.71	554.76	141.65
428.65	358.78	141.67
397.13	412.25	141.68
387.68	470.16	141.69
362.46	523.58	141.70
390.83	447.90	141.72
438.10	354.31	141.72
573.00	340.93	141.73
393.99	425.62	141.74
447.54	349.85	141.76
460.12	314.26	141.76
406.59	389.98	141.76
321.53	599.32	141.77
463.28	300.89	141.77
349.87	550.32	141.80
390.83	456.81	141.81
425.50	363.24	141.84
384.53	483.52	141.85
409.74	385.52	141.86
400.29	407.80	141.87
381.38	496.90	141.88
375.39	506.18	141.92
412.89	381.07	141.93
422.35	367.70	141.94
393.99	434.54	141.96
416.04	376.61	141.98
397.14	421.17	141.98
419.20	372.16	141.98
566.59	332.32	141.99
390.84	465.71	142.02
569.77	336.82	142.03
434.95	358.79	142.04
403.45	403.35	142.05
325.32	594.88	142.06
463.29	309.81	142.09
394.00	443.45	142.09
460.56	332.09	142.10
366.35	519.52	142.12
460.58	323.17	142.14
353.72	546.23	142.17
372.54	510.50	142.19
388.27	479.08	142.20
369.35	514.97	142.21
444.69	354.75	142.22
550.81	319.02	142.23
328.47	590.75	142.23
394.50	452.36	142.27
400.88	416.72	142.27
407.20	398.90	142.27
547.84	314.54	142.29
397.67	430.08	142.30
356.63	541.66	142.30
331.45	586.21	142.31
457.45	345.64	142.33
432.06	363.62	142.33
554.16	323.33	142.34
460.52	341.18	142.34
384.98	492.69	142.37
334.46	581.68	142.39
410.25	394.71	142.41
466.88	305.60	142.41
589.13	372.25	142.41
394.37	461.49	142.43
391.18	474.82	142.43
586.03	367.78	142.45
592.31	376.69	142.45
337.48	577.16	142.45
359.52	537.08	142.45
403.77	412.45	142.46
397.60	438.91	142.47
428.96	367.84	142.48
413.15	390.12	142.48
453.84	350.21	142.48
544.92	309.65	142.50
441.31	359.01	142.51
400.52	425.56	142.51
463.37	318.70	142.52
340.65	572.43	142.52
416.27	385.32	142.53
595.64	381.18	142.53
425.47	372.25	142.54
582.94	363.21	142.54
469.57	300.92	142.55
397.10	447.91	142.55
387.62	488.04	142.56
419.14	381.06	142.56
422.27	376.59	142.57
406.34	407.95	142.58
343.53	568.14	142.59
463.08	336.54	142.59
393.66	470.31	142.60
362.20	532.76	142.61
462.77	327.64	142.62
396.61	456.92	142.64
598.92	385.48	142.65
399.88	434.27	142.66
403.02	420.92	142.67
346.54	563.62	142.67
557.86	327.44	142.67
450.32	354.23	142.67
579.97	358.76	142.67
437.52	363.07	142.68
409.22	403.06	142.70
466.03	314.03	142.71
390.37	483.26	142.72
542.32	305.21	142.74
349.54	559.09	142.75
384.16	501.15	142.79
365.24	527.87	142.79
576.97	354.24	142.82
399.77	443.45	142.82
327.28	599.06	142.83
352.52	554.55	142.84
380.92	505.66	142.86
396.61	465.73	142.87
468.99	309.82	142.89
539.55	300.57	142.90
412.92	398.91	142.92
406.62	416.73	142.95
434.97	367.74	142.96
573.97	349.71	142.96
403.47	430.09	142.99
387.14	496.92	143.00
355.66	550.38	143.03
447.57	358.85	143.04
416.07	394.46	143.04
394.03	479.10	143.05
368.30	523.66	143.05
400.33	452.36	143.05
571.01	345.16	143.09
431.82	372.20	143.10
472.77	305.37	143.11
419.22	390.01	143.13
409.78	412.28	143.15
331.04	594.93	143.16
428.67	376.66	143.18
422.37	385.56	143.19
403.48	439.00	143.20
425.52	381.11	143.21
475.92	300.92	143.23
406.63	425.64	143.24
400.33	461.28	143.26
561.19	331.80	143.29
397.19	474.65	143.29
548.33	323.22	143.31
444.42	363.32	143.31
334.20	590.49	143.32
412.93	407.83	143.34
390.89	492.48	143.34
545.18	318.76	143.34
359.40	545.94	143.34
403.49	447.91	143.38
460.19	349.96	143.38
463.35	345.50	143.38
466.51	323.21	143.39
378.31	510.35	143.40
372.01	519.23	143.40
337.36	586.04	143.46
409.79	421.19	143.48
406.64	434.55	143.48
375.17	514.80	143.50
416.09	403.38	143.50
567.19	341.07	143.50
466.57	332.06	143.52
457.04	354.43	143.53
441.28	367.78	143.54
394.05	488.03	143.54
400.34	470.20	143.55
362.56	541.50	143.55
564.04	336.63	143.57
403.49	456.83	143.57
340.51	581.60	143.58
469.64	318.77	143.62
551.48	327.73	143.62
419.24	398.93	143.64
466.52	341.03	143.65
472.79	314.31	143.66
406.64	443.46	143.68
541.99	314.31	143.69
343.67	577.15	143.69
412.94	416.74	143.70
438.14	372.24	143.70
475.93	309.85	143.70
397.20	483.57	143.74
422.39	394.49	143.75
409.80	430.10	143.75
479.08	305.39	143.76
453.89	358.90	143.76
365.73	537.05	143.78
482.23	300.94	143.80
346.83	572.70	143.80
434.99	376.69	143.81
403.50	465.74	143.82
425.54	390.04	143.83
431.84	381.14	143.86
428.69	385.59	143.87
406.65	452.37	143.88
416.10	412.30	143.90
349.98	568.26	143.91
400.36	479.12	143.94
409.80	439.01	143.97
450.75	363.37	143.99
586.06	376.75	144.00
589.21	381.21	144.00
412.95	425.65	144.00
538.83	309.89	144.03
532.56	301.00	144.03
353.14	563.81	144.03
368.89	532.61	144.04
419.25	407.85	144.08
592.36	385.68	144.09
406.66	461.29	144.10
582.89	372.30	144.11
535.69	305.45	144.13
390.93	501.45	144.13
356.29	559.36	144.16
403.51	474.67	144.16
409.81	447.92	144.17
394.07	496.98	144.20
447.60	367.83	144.20
387.78	505.95	144.21
334.25	599.43	144.21
416.11	421.21	144.23
595.51	390.15	144.24
422.41	403.40	144.24
488.53	300.96	144.25
412.96	434.56	144.25
577.29	362.40	144.25
554.62	332.27	144.27
482.24	309.86	144.28
485.39	305.41	144.28
479.09	314.33	144.29
359.45	554.91	144.30
598.62	393.93	144.31
397.22	492.51	144.31
339.84	589.54	144.33
469.69	336.53	144.33
372.06	528.16	144.33
579.71	367.86	144.35
475.94	318.79	144.37
444.46	372.28	144.37
384.66	509.73	144.37
425.56	398.96	144.37
459.50	357.91	144.38
374.48	522.69	144.38
542.68	322.28	144.38
409.82	456.84	144.38
365.02	544.96	144.39
406.67	470.21	144.40
468.97	344.50	144.40
337.41	594.99	144.41
342.95	585.03	144.45
574.21	357.85	144.45
400.37	488.06	144.45
419.27	416.76	144.46
362.61	550.46	144.46
412.97	443.47	144.46
428.71	394.51	144.48
466.54	350.02	144.48
441.31	376.73	144.49
380.71	513.77	144.50
558.51	335.60	144.50
463.38	354.49	144.50
416.12	430.11	144.51
549.06	331.17	144.52
545.14	327.75	144.53
526.25	300.30	144.54
456.29	362.29	144.54
403.02	483.62	144.54
431.87	390.07	144.54
438.16	381.18	144.56
346.06	580.52	144.56
377.55	518.16	144.56
571.11	353.34	144.57
435.02	385.62	144.57
409.31	465.77	144.58
368.11	540.41	144.58
421.90	412.33	144.60
490.92	304.34	144.60
412.45	452.39	144.60
494.83	300.98	144.61
415.34	437.93	144.62
472.77	323.27	144.63
405.89	478.02	144.63
561.69	339.96	144.63
418.49	424.56	144.63
567.99	348.85	144.64
487.76	308.77	144.64
484.61	313.22	144.65
349.17	576.02	144.66
471.27	341.00	144.66
564.85	344.39	144.66
529.45	303.23	144.69
424.76	406.72	144.69
481.45	317.67	144.69
539.62	317.63	144.69
411.38	461.27	144.70
453.08	366.66	144.71
351.52	572.63	144.73
370.41	536.99	144.74
414.50	447.90	144.75
408.19	474.63	144.77
479.05	320.99	144.77
427.06	403.36	144.80
420.76	421.18	144.80
353.83	569.29	144.80
417.60	434.54	144.81
450.71	369.90	144.82
469.61	327.69	144.84
531.82	306.42	144.85
394.77	502.43	144.85
397.91	497.98	144.86
551.50	334.24	144.87
498.72	301.94	144.88
413.63	457.90	144.89
429.39	399.97	144.89
416.53	443.42	144.90
356.95	564.78	144.90
537.40	314.26	144.90
372.68	533.61	144.92
410.48	471.24	144.92
448.30	373.20	144.92
401.04	493.50	144.92
391.60	506.82	144.94
419.67	430.05	144.94
535.02	310.85	144.95
423.06	417.77	144.96
494.76	306.01	144.96
476.67	324.23	144.96
485.32	318.68	144.98
488.47	314.22	144.98
491.62	309.76	144.98
432.51	395.46	144.99
406.54	483.48	144.99
473.20	336.55	145.00
585.44	382.09	145.00
360.06	560.28	145.00
412.85	465.69	145.02
471.16	332.09	145.02
522.41	301.85	145.02
445.11	377.61	145.02
404.15	489.00	145.02
425.45	412.23	145.02
416.00	452.34	145.04
588.60	386.51	145.04
582.32	377.62	145.05
375.53	527.98	145.06
504.23	301.51	145.06
435.64	390.97	145.06
482.18	323.12	145.06
470.03	349.77	145.06
340.88	594.77	145.07
441.94	382.05	145.07
438.78	386.50	145.09
510.55	300.79	145.10
419.15	438.97	145.11
366.07	550.23	145.11
363.17	555.76	145.12
472.68	345.39	145.13
598.84	398.74	145.13
422.30	425.60	145.13
463.21	359.38	145.13
591.78	390.91	145.14
343.52	590.35	145.14
388.38	511.16	145.15
516.87	301.47	145.16
409.70	479.04	145.16
554.70	337.09	145.16
460.09	363.15	145.18
368.72	545.82	145.20
467.09	355.25	145.20
428.60	407.77	145.21
384.50	514.57	145.22
579.24	373.09	145.22
545.32	332.64	145.24
479.03	327.57	145.27
416.01	461.24	145.27
594.98	395.30	145.27
526.34	305.22	145.28
501.08	305.28	145.28
346.68	585.90	145.29
378.17	523.57	145.29
488.48	323.16	145.29
494.78	332.15	145.29
491.68	336.46	145.30
419.16	447.89	145.32
485.35	327.60	145.33
456.95	367.61	145.34
576.37	367.56	145.34
412.86	474.60	145.34
431.76	403.31	145.37
425.46	421.15	145.37
475.85	332.07	145.37
491.62	318.70	145.38
422.31	434.52	145.39
541.77	327.48	145.39
491.64	327.65	145.39
475.85	340.97	145.40
488.53	332.07	145.40
371.88	541.38	145.40
349.83	581.45	145.41
497.92	309.76	145.44
557.86	340.86	145.45
494.77	314.23	145.46
548.38	336.38	145.48
453.81	372.09	145.48
473.39	328.65	145.49
400.26	501.29	145.49
403.41	496.84	145.50
434.91	398.86	145.50
352.99	577.00	145.52
419.16	456.80	145.53
381.34	519.06	145.53
416.02	470.15	145.55
397.11	505.73	145.56
406.56	492.40	145.56
482.20	332.04	145.57
507.39	305.28	145.58
450.66	376.55	145.59
422.32	443.43	145.60
573.69	363.14	145.60
428.61	416.70	145.60
497.89	336.46	145.60
438.06	394.40	145.60
356.15	572.55	145.63
479.02	336.51	145.63
375.05	536.94	145.63
409.72	487.95	145.65
520.01	305.25	145.65
425.47	430.07	145.65
447.51	381.02	145.66
441.21	389.94	145.67
529.50	309.70	145.68
444.36	385.48	145.69
561.02	345.33	145.69
494.77	323.18	145.70
393.97	510.18	145.71
513.70	305.27	145.73
359.30	568.10	145.73
412.87	483.51	145.77
419.17	465.70	145.77
422.32	452.35	145.80
570.51	358.69	145.81
431.77	412.24	145.81
564.17	349.79	145.82
362.46	563.66	145.84
567.34	354.24	145.85
425.47	438.98	145.88
378.21	532.50	145.89
504.23	309.76	145.91
485.36	336.50	145.91
416.03	479.06	145.91
428.62	425.62	145.91
365.61	559.21	145.95
390.83	514.65	145.97
532.66	314.16	145.97
497.92	318.70	145.97
497.91	327.66	145.98
475.87	349.86	145.98
472.71	354.30	145.98
434.93	407.79	146.01
422.33	461.26	146.01
479.02	345.41	146.02
482.19	340.97	146.04
469.57	358.75	146.04
583.05	385.47	146.04
343.56	599.31	146.05
501.08	314.23	146.05
368.77	554.77	146.07
425.48	447.89	146.08
419.18	474.61	146.08
579.90	381.02	146.08
586.19	389.92	146.10
488.51	340.93	146.11
466.42	363.21	146.14
551.52	340.90	146.15
428.63	434.53	146.16
381.38	528.06	146.16
431.78	421.16	146.17
438.08	403.34	146.18
371.93	550.32	146.21
589.34	394.38	146.22
346.72	594.86	146.24
542.12	336.48	146.25
387.69	519.13	146.25
463.28	367.67	146.26
523.16	309.75	146.27
409.74	496.88	146.27
425.49	456.81	146.27
406.59	501.33	146.27
422.34	470.17	146.28
510.54	309.76	146.28
412.89	492.43	146.30
441.23	398.88	146.32
535.54	319.05	146.32
403.44	505.78	146.33
428.64	443.44	146.36
384.54	523.61	146.36
460.13	372.14	146.37
495.09	341.34	146.37
375.08	545.88	146.37
416.04	487.98	146.37
538.37	323.42	146.40
434.94	416.71	146.41
576.11	376.60	146.42
444.39	394.43	146.43
431.79	430.08	146.44
516.85	309.77	146.44
400.29	510.24	146.45
456.99	376.60	146.46
419.19	483.53	146.48
425.49	465.72	146.49
447.54	389.97	146.50
453.84	381.06	146.51
450.69	385.52	146.53
350.47	590.42	146.53
428.64	452.35	146.54
485.35	345.43	146.58
591.71	399.20	146.58
501.55	331.78	146.61
422.35	479.08	146.61
378.79	541.43	146.64
595.05	403.58	146.70
353.63	586.27	146.70
438.64	412.26	146.71
397.43	515.10	146.71
545.28	341.54	146.72
432.37	438.99	146.72
501.70	323.53	146.73
507.63	314.59	146.74
435.40	425.63	146.77
356.64	581.75	146.78
573.17	372.40	146.78
429.14	461.27	146.78
598.39	407.96	146.81
381.86	537.23	146.82
359.67	577.23	146.84
426.11	474.98	146.85
482.61	350.06	146.87
504.59	318.88	146.87
432.26	448.20	146.88
554.56	345.78	146.89
441.57	407.99	146.89
394.38	519.31	146.90
362.71	572.72	146.90
384.72	532.62	146.94
479.17	354.41	146.95
365.75	568.22	146.95
526.12	314.47	146.96
435.17	434.49	146.96
416.17	496.96	146.97
412.99	501.39	146.98
428.84	470.11	146.98
419.44	492.21	146.99
438.17	421.15	146.99
431.86	456.80	146.99
491.65	345.45	147.00
390.88	523.55	147.01
368.70	563.84	147.01
409.85	505.60	147.01
444.29	403.43	147.01
387.49	528.28	147.02
476.00	358.60	147.02
422.26	487.94	147.02
434.53	443.54	147.06
371.81	559.19	147.07
513.45	314.08	147.08
406.33	510.15	147.08
425.16	483.35	147.09
472.55	363.19	147.09
431.33	465.43	147.12
447.22	398.73	147.12
374.81	554.67	147.13
437.56	429.75	147.15
469.25	367.57	147.16
440.75	416.43	147.16
519.98	313.91	147.17
558.07	349.81	147.17
402.84	514.48	147.17
450.16	394.18	147.20
377.79	550.12	147.20
428.15	479.09	147.20
434.50	452.36	147.21
465.95	371.96	147.22
349.49	599.14	147.22
570.70	367.82	147.24
577.12	385.35	147.24
580.31	389.80	147.26
453.18	389.67	147.26
462.67	376.36	147.27
380.72	545.55	147.28
456.27	385.20	147.29
459.44	380.77	147.29
574.08	380.82	147.31
583.58	394.21	147.32
561.42	354.17	147.34
352.40	594.57	147.35
488.20	349.50	147.40
530.03	318.52	147.41
431.82	474.64	147.41
434.97	461.27	147.41
438.12	439.00	147.42
564.62	358.59	147.42
400.32	519.20	147.43
500.67	340.86	147.44
538.97	332.14	147.44
503.92	327.65	147.47
539.39	340.80	147.48
444.42	412.28	147.48
548.57	345.19	147.49
586.41	398.55	147.49
441.27	425.64	147.53
384.58	541.47	147.54
438.12	447.91	147.56
422.37	496.92	147.57
503.58	336.25	147.57
419.22	501.38	147.58
425.52	492.47	147.59
567.78	363.03	147.59
397.17	523.66	147.60
434.97	470.18	147.60
416.07	505.84	147.64
428.67	488.01	147.64
510.57	318.78	147.65
387.73	537.02	147.65
356.24	590.48	147.67
438.13	456.82	147.68
394.03	528.11	147.70
390.88	532.57	147.71
447.58	407.83	147.71
412.93	510.30	147.73
441.28	434.55	147.73
570.36	376.65	147.73
431.82	483.56	147.73
589.26	403.42	147.77
485.38	354.42	147.79
359.40	586.04	147.79
444.43	421.19	147.82
438.13	465.73	147.82
409.78	514.76	147.85
434.98	479.10	147.85
441.28	443.46	147.87
536.33	336.57	147.87
362.55	581.59	147.89
507.44	323.24	147.89
567.93	365.39	147.90
592.41	407.89	147.91
450.74	403.39	147.92
498.00	345.56	147.93
365.70	577.14	147.96
441.28	452.36	147.97
482.24	358.88	147.98
406.63	519.22	148.00
438.13	474.64	148.01
368.86	572.69	148.01
444.44	430.10	148.04
595.55	412.35	148.04
372.01	568.23	148.06
441.28	461.27	148.08
453.90	398.94	148.10
447.59	416.74	148.10
375.16	563.78	148.11
523.14	318.84	148.13
428.68	496.94	148.13
479.10	363.35	148.13
516.86	318.84	148.14
431.83	492.48	148.14
425.53	501.40	148.14
403.48	523.69	148.15
378.31	559.33	148.17
598.70	416.81	148.17
444.44	439.00	148.19
434.98	488.02	148.19
422.38	505.86	148.20
441.29	470.19	148.21
381.46	554.87	148.22
457.05	394.50	148.24
475.95	367.81	148.25
567.19	372.20	148.28
419.23	510.32	148.28
438.13	483.56	148.28
384.61	550.41	148.28
444.44	447.91	148.28
400.34	528.14	148.29
494.85	350.03	148.32
472.81	372.27	148.34
387.75	545.96	148.34
460.21	390.06	148.35
444.44	456.82	148.36
447.60	425.65	148.36
397.19	532.60	148.38
450.76	412.30	148.38
390.90	541.50	148.39
416.09	514.78	148.39
469.66	376.72	148.40
394.05	537.05	148.41
441.29	479.10	148.41
463.36	385.61	148.41
466.51	381.17	148.43
542.00	345.71	148.44
444.44	465.73	148.44
551.44	350.10	148.45
570.04	384.10	148.50
447.60	434.55	148.52
532.65	323.32	148.53
412.94	519.25	148.53
444.44	474.65	148.57
567.19	381.14	148.58
570.35	385.63	148.58
573.48	390.11	148.59
356.29	599.44	148.61
447.60	443.46	148.62
434.99	496.95	148.63
453.92	407.85	148.63
438.14	492.49	148.65
431.84	501.41	148.65
491.71	354.50	148.66
447.60	452.36	148.67
450.76	421.20	148.68
409.79	523.71	148.68
583.60	402.53	148.69
441.29	488.03	148.70
576.62	394.59	148.70
428.69	505.87	148.70
447.60	461.27	148.72
513.76	322.67	148.75
558.43	357.95	148.76
561.57	362.38	148.78
359.45	595.00	148.78
444.44	483.57	148.78
554.52	353.85	148.79
425.54	510.33	148.79
447.60	470.19	148.79
368.18	580.63	148.81
586.79	406.92	148.81
406.65	528.17	148.83
579.76	399.06	148.83
371.31	576.16	148.84
484.69	362.36	148.84
374.45	571.70	148.86
564.02	367.77	148.86
450.77	430.10	148.87
457.08	403.41	148.87
377.60	567.23	148.88
380.74	562.77	148.90
422.39	514.80	148.90
526.27	322.64	148.90
564.51	376.65	148.90
589.98	411.32	148.91
365.25	586.15	148.91
362.60	590.55	148.91
488.57	358.96	148.91
383.88	558.31	148.91
447.59	479.10	148.92
387.03	553.84	148.93
396.47	540.48	148.94
390.17	549.38	148.95
393.32	544.93	148.95
403.50	532.62	148.96
450.77	439.00	148.97
506.74	331.06	148.97
481.50	366.75	148.97
545.96	349.00	148.99
459.72	399.00	149.00
453.93	416.76	149.00
593.16	415.73	149.00
450.76	447.91	149.01
450.76	456.81	149.02
415.33	522.63	149.02
462.60	393.42	149.03
509.82	326.65	149.03
419.25	519.26	149.03
450.75	465.73	149.04
434.23	504.80	149.04
520.00	322.59	149.04
400.36	537.08	149.05
564.85	384.47	149.06
438.16	500.69	149.07
533.32	340.00	149.07
478.31	371.15	149.08
596.34	420.14	149.09
441.29	496.96	149.09
453.14	424.55	149.09
537.00	327.86	149.09
535.77	343.40	149.10
444.44	492.49	149.10
450.75	474.64	149.10
431.05	509.22	149.11
447.07	488.04	149.12
502.76	345.45	149.12
500.34	348.86	149.12
465.71	388.92	149.12
452.35	434.54	149.13
456.27	411.17	149.14
475.14	375.56	149.15
449.95	482.44	149.16
412.13	527.02	149.17
452.32	443.45	149.18
468.84	384.45	149.18
599.53	424.55	149.18
428.66	512.54	149.18
452.31	461.27	149.18
471.98	380.00	149.18
452.31	452.36	149.18
562.56	381.09	149.19
452.30	470.18	149.20
497.95	352.13	149.23
567.25	387.72	149.26
426.29	515.80	149.26
452.25	479.09	149.27
409.76	530.27	149.27
562.57	372.18	149.30
455.36	421.18	149.33
458.51	407.81	149.33
454.32	430.07	149.34
450.67	487.96	149.35
438.07	505.75	149.37
407.36	533.57	149.37
454.33	465.72	149.37
495.55	355.37	149.39
454.33	474.62	149.39
531.02	336.54	149.39
454.32	456.82	149.39
423.10	520.19	149.39
445.14	497.93	149.39
448.28	493.48	149.39
569.66	391.01	149.40
454.31	438.99	149.40
504.92	342.10	149.41
454.31	447.91	149.41
538.12	346.40	149.42
441.98	502.37	149.42
434.92	510.20	149.45
419.16	524.26	149.45
453.82	483.52	149.45
397.11	545.82	149.45
400.24	542.08	149.46
404.17	537.97	149.48
548.35	351.88	149.48
393.95	550.27	149.49
560.74	384.88	149.50
390.80	554.72	149.51
457.43	416.68	149.51
460.82	404.36	149.51
368.72	585.88	149.51
572.86	395.40	149.52
387.64	559.17	149.52
560.55	367.63	149.53
384.49	563.62	149.54
416.02	528.00	149.55
381.34	568.07	149.55
463.23	398.84	149.55
371.88	581.43	149.55
431.78	514.65	149.55
378.19	572.52	149.56
375.03	576.97	149.56
516.85	325.08	149.58
529.53	325.41	149.59
492.33	359.73	149.59
456.97	470.18	149.59
579.97	403.91	149.59
523.16	325.11	149.60
363.16	595.84	149.60
456.97	479.08	149.61
488.41	363.82	149.62
583.08	407.67	149.62
456.96	461.27	149.63
561.04	376.64	149.63
456.94	425.62	149.64
576.05	399.80	149.64
428.63	519.11	149.68
450.68	496.86	149.69
456.96	452.36	149.69
485.28	367.60	149.69
453.83	492.42	149.69
366.28	591.33	149.69
557.90	363.15	149.70
412.88	532.46	149.70
447.53	501.31	149.71
456.95	434.54	149.72
456.95	443.45	149.73
466.38	394.38	149.73
586.23	412.14	149.73
554.75	358.65	149.74
456.98	487.97	149.74
460.09	412.24	149.76
444.38	505.76	149.77
558.81	366.45	149.80
589.37	416.60	149.82
482.14	372.06	149.82
425.48	523.56	149.83
460.12	474.63	149.83
550.91	355.13	149.84
441.23	510.22	149.85
460.13	483.53	149.85
409.73	536.92	149.85
469.54	389.92	149.86
592.52	421.07	149.89
460.12	465.73	149.90
478.99	376.53	149.91
533.71	333.02	149.92
513.65	327.41	149.93
472.69	385.46	149.93
475.84	380.99	149.95
438.08	514.67	149.95
595.66	425.53	149.96
406.58	541.38	149.98
460.12	456.82	149.98
422.33	528.02	149.99
526.36	327.46	150.01
460.10	421.16	150.01
542.13	350.29	150.03
463.28	479.09	150.04
460.14	492.43	150.04
456.99	496.87	150.04
598.80	429.99	150.06
460.12	447.91	150.07
463.25	407.78	150.08
453.84	501.32	150.08
434.94	519.13	150.08
463.29	487.98	150.08
403.43	545.84	150.09
460.11	430.08	150.12
460.11	439.00	150.12
463.28	470.18	150.12
504.18	349.82	150.13
450.69	505.78	150.14
501.04	354.26	150.14
564.14	389.87	150.15
529.56	340.88	150.15
419.19	532.48	150.16
400.28	550.30	150.18
520.01	327.47	150.19
466.44	483.54	150.22
447.54	510.23	150.22
532.67	345.30	150.22
431.79	523.58	150.23
463.28	461.28	150.24
397.13	554.76	150.26
557.83	381.09	150.29
529.67	332.19	150.30
497.91	358.72	150.30
466.43	474.64	150.31
444.39	514.68	150.32
393.98	559.21	150.33
416.04	536.94	150.33
466.44	492.43	150.34
469.60	487.99	150.36
466.41	403.33	150.37
463.28	452.37	150.37
463.29	496.88	150.37
463.26	416.71	150.39
390.83	563.67	150.39
557.86	372.17	150.40
428.64	528.04	150.40
567.30	394.37	150.41
460.14	501.33	150.42
365.61	599.30	150.45
441.24	519.14	150.45
387.68	568.12	150.46
507.33	345.42	150.46
466.43	465.73	150.47
469.59	479.09	150.47
463.28	443.46	150.47
456.99	505.79	150.48
412.89	541.41	150.49
570.43	398.84	150.50
494.77	363.20	150.50
384.53	572.58	150.52
475.91	488.01	150.52
463.27	425.63	150.53
507.79	336.53	150.53
463.28	434.54	150.54
526.40	336.50	150.55
453.84	510.24	150.56
368.77	594.85	150.56
472.74	483.55	150.57
381.38	577.03	150.57
472.75	492.43	150.58
425.49	532.50	150.58
476.69	489.59	150.60
438.10	523.60	150.60
378.23	581.49	150.61
469.57	398.88	150.62
371.92	590.40	150.62
466.43	456.82	150.62
375.08	585.94	150.63
409.74	545.87	150.65
469.59	470.19	150.66
573.58	403.30	150.66
450.70	514.70	150.66
491.62	367.67	150.68
469.60	496.89	150.70
422.35	536.96	150.76
466.43	412.26	150.76
466.45	501.34	150.77
434.95	528.06	150.77
466.44	447.91	150.78
406.59	550.33	150.78
447.55	519.15	150.79
523.19	332.03	150.80
534.89	329.96	150.80
472.74	474.64	150.82
472.73	394.42	150.83
463.30	505.80	150.83
510.72	332.29	150.84
488.48	372.13	150.84
533.11	328.23	150.85
469.59	461.27	150.85
545.00	354.59	150.89
460.15	510.25	150.90
466.44	439.00	150.90
403.45	554.79	150.91
535.51	350.20	150.93
444.40	523.61	150.94
419.20	541.43	150.95
466.44	421.17	150.95
431.80	532.52	150.95
576.43	408.18	150.96
475.90	479.09	150.97
466.44	430.09	150.98
457.00	514.71	150.99
400.30	559.25	151.03
469.59	452.36	151.04
472.75	465.73	151.05
453.85	519.17	151.10
441.25	528.07	151.10
579.23	412.53	151.12
486.06	376.93	151.13
416.05	545.89	151.13
476.59	390.33	151.13
554.18	368.00	151.14
428.65	536.98	151.15
582.43	416.98	151.16
585.57	421.44	151.17
472.75	501.35	151.17
482.80	381.35	151.17
588.70	425.90	151.17
479.54	483.54	151.18
479.64	385.81	151.18
476.49	496.90	151.18
479.58	492.74	151.18
591.88	430.33	151.20
469.60	505.81	151.21
470.16	408.16	151.23
397.83	563.99	151.25
595.14	434.73	151.26
470.01	443.45	151.26
476.38	470.18	151.27
451.00	524.04	151.29
466.75	510.68	151.29
394.40	568.34	151.32
438.30	532.81	151.32
473.30	456.48	151.33
554.46	376.63	151.34
598.48	439.10	151.34
507.67	354.48	151.34
548.19	358.87	151.35
413.35	550.52	151.35
554.80	385.48	151.36
463.88	514.96	151.36
551.38	363.33	151.37
504.45	358.90	151.37
526.03	345.56	151.38
510.80	341.10	151.39
425.61	541.87	151.40
391.02	572.69	151.40
469.92	434.59	151.40
469.81	416.70	151.41
479.26	474.71	151.42
482.03	488.01	151.42
447.63	528.30	151.43
460.16	519.48	151.43
510.72	349.82	151.43
516.88	332.20	151.43
469.67	425.63	151.44
522.90	340.87	151.46
475.87	461.25	151.46
472.74	403.37	151.46
501.12	363.20	151.46
409.77	554.71	151.47
472.66	447.88	151.47
387.78	576.92	151.47
434.90	536.81	151.48
456.61	523.49	151.51
422.00	545.78	151.52
384.35	581.45	151.54
443.75	532.33	151.55
481.74	479.37	151.56
529.52	349.61	151.56
406.14	559.08	151.58
478.48	466.06	151.58
497.65	367.61	151.58
472.00	509.93	151.59
567.72	403.18	151.59
381.09	585.85	151.59
539.13	354.13	151.60
475.19	505.48	151.60
472.20	439.35	151.60
371.67	599.22	151.60
478.31	501.00	151.63
377.88	590.28	151.63
374.73	594.73	151.64
520.33	336.37	151.64
564.53	398.70	151.64
475.44	452.36	151.65
475.47	398.67	151.65
431.52	541.05	151.66
469.61	514.73	151.67
513.36	345.45	151.67
453.86	528.09	151.69
418.90	549.93	151.70
558.11	389.91	151.70
494.23	371.95	151.70
466.46	519.18	151.72
403.18	563.33	151.73
472.34	412.27	151.74
472.20	430.08	151.76
441.26	537.01	151.80
463.31	523.64	151.81
472.17	421.18	151.82
571.12	407.53	151.83
482.22	496.92	151.83
482.21	470.17	151.83
450.71	532.55	151.87
478.51	394.47	151.87
491.37	376.25	151.88
479.07	456.81	151.89
561.45	394.25	151.89
520.00	345.46	151.92
485.37	483.54	151.93
428.66	545.92	151.93
475.92	443.44	151.94
460.16	528.10	151.94
400.32	568.20	151.96
416.07	554.84	151.96
551.94	372.19	151.98
551.97	381.12	152.00
516.85	340.99	152.01
438.11	541.47	152.03
485.37	474.63	152.06
472.76	519.19	152.06
485.38	492.46	152.07
482.22	461.26	152.07
447.56	537.02	152.07
475.92	514.73	152.08
586.12	430.12	152.08
516.86	349.92	152.09
469.61	523.65	152.10
589.27	434.58	152.10
523.15	349.94	152.10
488.53	381.13	152.10
457.01	532.56	152.11
482.23	390.03	152.11
397.18	572.67	152.12
582.97	425.67	152.13
479.07	510.28	152.15
513.72	354.39	152.15
479.07	447.89	152.15
485.38	385.58	152.15
425.52	550.39	152.16
412.92	559.30	152.16
475.93	434.53	152.16
513.71	336.54	152.19
466.46	528.10	152.19
573.51	412.32	152.19
579.82	421.22	152.19
592.42	439.04	152.20
475.94	407.83	152.23
510.58	358.86	152.23
532.59	354.44	152.23
576.66	416.77	152.24
485.37	465.71	152.25
434.97	545.94	152.26
482.23	505.83	152.27
394.03	577.13	152.28
563.45	402.77	152.30
551.52	385.91	152.30
444.42	541.48	152.30
453.86	537.03	152.31
463.31	532.57	152.33
482.23	452.35	152.33
475.94	425.63	152.34
595.57	443.51	152.35
488.53	479.08	152.35
409.78	563.77	152.36
507.43	363.33	152.36
422.37	554.86	152.38
475.94	416.73	152.39
488.54	488.00	152.40
475.92	523.65	152.40
479.08	438.98	152.42
472.76	528.11	152.43
390.89	581.60	152.43
479.07	519.19	152.44
485.39	501.38	152.46
488.53	470.17	152.47
485.38	456.80	152.50
431.82	550.41	152.50
460.16	537.03	152.52
469.61	532.57	152.53
598.71	447.98	152.53
504.29	367.80	152.54
450.72	541.49	152.54
441.27	545.95	152.54
526.29	354.44	152.55
482.23	514.74	152.55
406.63	568.23	152.56
520.01	354.41	152.56
387.75	586.07	152.58
419.23	559.32	152.61
479.11	403.39	152.61
542.02	358.96	152.61
482.23	443.43	152.62
488.53	461.25	152.66
479.09	430.07	152.68
479.07	528.10	152.68
466.46	537.03	152.69
548.27	367.78	152.69
497.95	554.80	152.71
475.91	532.56	152.71
384.61	590.53	152.71
488.55	496.93	152.72
491.69	474.63	152.73
485.38	510.28	152.73
501.14	372.27	152.73
491.69	483.55	152.74
482.22	523.64	152.74
457.01	541.50	152.74
428.67	554.87	152.75
403.49	572.70	152.76
485.39	447.88	152.79
447.57	545.96	152.79
438.12	550.42	152.80
381.46	594.99	152.81
472.76	537.03	152.83
416.08	563.79	152.84
504.27	554.80	152.84
378.32	599.44	152.85
516.88	358.89	152.85
491.69	465.71	152.85
479.11	421.17	152.87
485.38	519.19	152.87
561.45	402.52	152.89
479.12	412.28	152.89
482.22	532.55	152.89
494.79	550.34	152.90
501.11	550.32	152.90
501.10	559.33	152.90
463.31	541.50	152.90
488.54	452.33	152.93
498.00	376.74	152.93
479.06	537.02	152.93
482.25	434.52	152.93
545.12	363.38	152.94
482.27	398.96	152.94
485.37	528.09	152.96
400.35	577.17	152.96
507.41	559.31	152.96
582.93	434.62	152.98
491.70	492.48	152.99
488.55	505.83	152.99
425.53	559.34	152.99
453.87	545.97	153.00
535.74	358.97	153.02
469.61	541.50	153.02
586.09	439.10	153.03
485.36	537.00	153.03
491.65	545.89	153.04
497.96	545.87	153.04
444.42	550.43	153.05
494.85	479.09	153.06
434.98	554.89	153.06
491.69	456.79	153.07
412.94	568.26	153.07
513.74	363.36	153.07
494.84	470.17	153.08
548.89	384.60	153.08
488.50	541.45	153.08
475.91	541.49	153.08
491.63	554.84	153.08
482.20	541.47	153.09
488.54	514.73	153.09
579.78	430.16	153.09
494.86	381.20	153.10
488.52	532.54	153.11
485.40	438.96	153.12
488.53	523.63	153.12
494.78	559.35	153.13
548.22	376.66	153.13
567.85	411.44	153.14
523.16	358.92	153.15
494.81	541.42	153.15
488.49	550.38	153.15
485.43	394.53	153.16
485.34	545.92	153.16
460.16	545.97	153.16
552.15	389.16	153.16
491.67	536.98	153.17
397.20	581.64	153.17
529.45	358.95	153.17
589.24	443.56	153.19
494.84	461.25	153.22
491.72	385.66	153.22
494.86	488.02	153.23
482.26	425.61	153.23
571.02	415.85	153.24
576.62	425.71	153.24
422.38	563.81	153.25
563.98	407.99	153.25
488.58	390.10	153.25
488.55	443.41	153.25
507.44	550.30	153.26
450.72	550.44	153.27
510.60	554.76	153.28
466.46	545.97	153.28
510.60	367.84	153.29
479.05	545.95	153.29
491.68	528.08	153.29
409.80	572.73	153.31
504.28	545.85	153.31
431.83	559.36	153.33
441.28	554.90	153.33
472.76	545.96	153.34
390.18	589.52	153.34
491.71	501.38	153.35
596.28	451.43	153.35
498.00	474.63	153.36
491.69	519.17	153.36
491.69	447.87	153.36
482.29	407.84	153.37
504.25	563.85	153.38
394.06	586.12	153.38
592.38	448.04	153.38
501.13	541.40	153.38
491.70	510.27	153.38
497.93	563.13	153.39
494.83	532.52	153.39
509.84	562.78	153.40
497.99	465.71	153.41
497.98	536.96	153.41
507.48	371.58	153.42
482.28	416.71	153.42
573.46	421.27	153.43
419.25	567.56	153.43
482.19	550.41	153.43
457.02	550.44	153.44
498.01	483.56	153.46
520.04	362.65	153.46
406.67	576.46	153.46
494.84	452.33	153.46
485.41	430.05	153.48
447.58	554.17	153.49
503.52	375.64	153.49
386.98	593.90	153.49
485.32	554.87	153.50
545.89	371.10	153.50
526.30	361.22	153.51
539.67	362.31	153.51
494.11	495.88	153.51
487.79	435.58	153.51
513.25	559.29	153.51
532.60	361.22	153.51
463.32	549.71	153.51
559.25	398.90	153.51
428.69	563.07	153.52
488.45	558.61	153.53
497.48	456.78	153.54
438.14	558.61	153.54
599.50	455.79	153.55
453.86	552.71	153.55
494.84	523.62	153.56
491.65	561.62	153.56
483.85	421.18	153.58
402.69	580.50	153.58
493.32	505.81	153.58
415.28	571.59	153.59
475.89	549.69	153.59
516.85	365.59	153.59
469.61	549.68	153.59
500.62	470.17	153.60
484.62	402.25	153.60
580.57	438.74	153.60
500.36	477.98	153.60
499.58	461.27	153.60
383.79	598.29	153.61
497.20	529.17	153.61
490.90	440.09	153.61
494.32	514.71	153.61
497.20	491.35	153.64
582.99	441.19	153.64
501.10	378.90	153.64
425.51	565.99	153.64
444.41	557.08	153.64
578.29	434.55	153.67
499.54	532.54	153.67
493.24	443.45	153.67
501.10	565.96	153.67
434.96	561.50	153.67
546.80	381.10	153.67
460.16	552.58	153.69
501.88	535.88	153.69
508.18	544.80	153.70
505.03	540.34	153.70
483.77	412.27	153.70
507.40	565.92	153.70
495.57	446.80	153.72
511.32	549.26	153.73
479.06	552.59	153.73
501.86	464.61	153.73
400.31	583.71	153.74
496.34	519.18	153.74
499.49	487.99	153.74
451.49	555.85	153.76
412.91	574.77	153.76
514.48	368.77	153.77
498.72	382.13	153.78
486.09	424.54	153.78
502.61	474.63	153.78
494.02	564.74	153.78
554.68	392.21	153.78
466.45	552.49	153.78
498.70	451.29	153.78
495.53	509.17	153.79
543.70	367.72	153.79
575.96	431.16	153.79
585.40	444.48	153.80
501.07	456.84	153.80
542.05	365.37	153.81
481.44	555.86	153.81
542.08	443.42	153.81
486.84	398.90	153.81
501.57	483.51	153.82
523.92	364.26	153.83
423.11	569.19	153.83
498.42	523.66	153.83
442.01	560.26	153.85
514.41	553.76	153.85
472.76	552.47	153.86
456.99	555.45	153.87
432.55	564.71	153.87
488.96	430.15	153.88
535.76	363.88	153.89
504.21	470.18	153.89
557.09	395.53	153.90
397.89	586.97	153.90
545.17	439.03	153.90
529.45	363.88	153.90
484.63	560.25	153.92
463.30	554.73	153.92
513.63	564.33	153.92
501.06	528.12	153.93
495.26	501.34	153.93
495.51	386.52	153.93
491.61	434.59	153.94
419.18	572.53	153.94
504.22	461.28	153.94
447.54	559.18	153.94
410.47	578.04	153.94
497.91	514.74	153.94
489.19	395.44	153.95
588.60	448.85	153.96
504.21	479.07	153.97
485.78	416.75	153.98
572.88	426.63	153.98
488.53	563.62	153.99
393.93	591.03	153.99
511.25	373.11	154.00
494.76	439.04	154.00
469.60	554.73	154.00
492.33	390.95	154.00
438.09	563.63	154.01
428.63	568.08	154.01
544.80	376.56	154.01
538.93	439.02	154.01
485.76	407.79	154.02
516.77	559.28	154.02
504.21	532.58	154.02
406.57	581.43	154.02
560.56	407.64	154.03
497.92	443.49	154.03
519.97	367.62	154.03
507.35	376.51	154.04
592.53	452.92	154.05
497.97	568.04	154.05
501.07	447.94	154.06
504.25	568.73	154.07
564.23	412.82	154.07
497.89	496.85	154.08
501.06	492.41	154.09
507.36	537.04	154.09
567.35	416.58	154.10
475.75	554.99	154.10
504.23	452.38	154.11
497.90	505.83	154.11
390.80	594.78	154.12
453.84	559.19	154.13
507.37	465.72	154.13
542.06	434.62	154.13
570.02	421.04	154.14
501.06	519.19	154.15
510.50	541.50	154.16
479.08	559.20	154.17
507.37	474.62	154.17
510.52	568.04	154.18
504.21	487.97	154.20
507.38	456.83	154.20
497.33	499.98	154.20
535.78	443.43	154.21
416.03	576.99	154.22
488.45	421.21	154.23
595.65	456.68	154.23
444.39	563.64	154.25
460.15	559.19	154.26
538.92	367.64	154.26
513.64	545.96	154.27
542.11	372.14	154.27
504.21	380.98	154.28
403.42	585.90	154.29
548.27	443.40	154.29
576.75	438.92	154.29
425.49	572.55	154.30
434.94	568.10	154.30
526.29	367.63	154.30
501.06	510.28	154.31
387.65	599.25	154.31
545.16	447.71	154.32
516.82	372.09	154.33
504.22	523.65	154.33
491.67	568.07	154.34
507.37	483.52	154.34
466.45	559.20	154.34
510.53	461.27	154.34
538.92	447.81	154.35
472.76	559.20	154.36
510.52	470.17	154.36
482.22	563.64	154.37
579.89	443.36	154.38
557.93	403.31	154.38
532.60	367.64	154.39
507.39	447.93	154.39
573.60	434.48	154.40
488.43	403.32	154.40
535.77	434.59	154.41
504.23	443.48	154.41
491.61	425.67	154.41
532.62	439.01	154.41
510.54	452.37	154.42
501.08	439.03	154.45
450.70	563.65	154.45
548.42	389.82	154.46
548.31	434.60	154.46
501.06	501.35	154.46
545.28	385.48	154.46
516.79	550.41	154.47
598.80	461.16	154.47
494.77	430.13	154.48
497.93	434.58	154.48
510.52	479.07	154.49
507.37	528.11	154.49
412.88	581.46	154.50
488.44	412.28	154.51
513.69	456.82	154.52
504.22	514.73	154.53
501.06	385.45	154.53
583.04	447.82	154.53
504.22	496.88	154.53
513.68	465.72	154.54
529.47	443.45	154.55
570.45	430.05	154.55
441.24	568.11	154.55
400.28	590.36	154.56
532.61	447.86	154.57
538.91	430.14	154.59
422.34	577.02	154.59
431.79	572.57	154.60
513.68	376.56	154.60
513.69	447.92	154.61
457.00	563.66	154.61
507.38	492.43	154.62
545.18	430.15	154.63
475.91	563.66	154.64
504.22	505.82	154.64
513.68	474.62	154.64
516.84	452.36	154.64
510.52	532.57	154.65
510.54	443.47	154.66
586.17	452.29	154.66
501.11	572.53	154.66
523.14	372.11	154.68
485.37	568.10	154.68
516.84	461.26	154.68
526.30	447.89	154.70
567.11	420.67	154.70
551.45	438.99	154.70
520.00	447.91	154.71
463.30	563.66	154.72
507.39	572.54	154.72
510.53	487.98	154.72
526.31	439.01	154.73
523.16	443.46	154.73
491.59	398.85	154.73
497.91	389.91	154.74
469.61	563.67	154.74
507.37	519.19	154.74
507.39	439.02	154.75
529.47	434.57	154.76
516.85	443.47	154.76
519.99	456.81	154.77
447.55	568.12	154.78
535.76	372.13	154.78
523.15	452.35	154.78
516.83	470.17	154.79
409.74	585.93	154.79
542.09	381.05	154.80
513.67	537.02	154.81
519.95	563.67	154.82
494.81	572.55	154.83
513.68	483.53	154.84
397.13	594.83	154.84
529.45	372.13	154.84
494.76	394.38	154.84
519.94	554.84	154.84
567.30	425.60	154.85
516.81	568.10	154.85
438.10	572.58	154.86
507.38	501.35	154.86
529.45	452.33	154.86
532.61	430.12	154.86
504.24	434.57	154.87
507.38	510.27	154.87
491.62	416.75	154.88
510.53	381.03	154.88
520.01	439.01	154.89
542.05	425.67	154.89
419.19	581.48	154.89
538.92	376.60	154.90
513.70	439.02	154.90
428.65	577.03	154.91
519.99	465.71	154.92
535.75	452.30	154.95
516.84	479.07	154.95
510.53	523.64	154.96
453.85	568.13	154.97
479.06	568.12	154.97
501.09	430.12	154.98
519.99	376.59	154.99
526.29	456.79	155.00
523.14	461.26	155.00
510.53	496.89	155.00
589.32	456.75	155.01
523.16	434.56	155.02
516.82	541.47	155.03
494.78	421.21	155.04
497.93	425.66	155.05
535.76	425.67	155.05
519.99	474.62	155.07
406.59	590.40	155.09
444.40	572.59	155.09
510.55	434.57	155.09
488.51	572.57	155.11
460.15	568.14	155.11
393.99	599.30	155.11
513.69	492.44	155.11
513.68	572.57	155.12
557.84	412.23	155.13
510.53	514.73	155.13
516.85	434.56	155.13
491.62	407.81	155.13
567.27	434.52	155.14
472.76	568.13	155.14
554.63	434.55	155.14
526.31	430.11	155.16
510.53	505.81	155.16
434.95	577.05	155.17
551.48	430.12	155.17
560.99	416.67	155.17
507.39	385.49	155.17
564.15	421.14	155.18
466.45	568.14	155.18
542.04	452.27	155.18
513.68	528.10	155.19
570.42	438.96	155.19
523.14	470.17	155.19
526.30	376.60	155.20
416.05	585.95	155.20
516.84	487.98	155.20
532.60	376.61	155.21
545.19	421.19	155.21
425.50	581.50	155.22
548.33	425.66	155.25
564.12	430.08	155.26
538.91	421.20	155.28
532.59	456.79	155.28
519.99	483.53	155.28
516.84	381.06	155.29
507.40	430.11	155.29
450.70	572.60	155.31
526.29	465.71	155.31
573.57	443.41	155.33
529.46	425.65	155.33
520.00	430.10	155.36
504.25	577.04	155.36
523.14	479.08	155.36
513.69	501.35	155.37
529.44	461.25	155.37
441.25	577.06	155.38
482.21	572.60	155.39
403.45	594.87	155.39
554.68	407.81	155.40
535.76	381.07	155.40
568.85	439.69	155.40
513.69	519.18	155.40
513.70	430.10	155.41
542.07	389.98	155.42
497.96	577.05	155.42
560.95	434.54	155.42
516.84	532.55	155.44
557.79	438.98	155.45
520.54	545.92	155.45
538.91	385.53	155.46
513.69	510.27	155.47
526.29	474.63	155.48
504.24	389.97	155.48
504.25	425.65	155.49
431.80	581.52	155.49
582.42	456.28	155.50
457.00	572.61	155.50
412.90	590.43	155.51
516.84	496.90	155.51
523.15	381.07	155.52
592.23	461.56	155.53
557.80	430.10	155.53
532.61	421.19	155.53
422.35	585.97	155.54
554.90	443.80	155.56
529.45	381.07	155.57
523.15	425.64	155.58
542.05	416.75	155.58
513.70	385.52	155.59
475.91	572.61	155.59
520.00	492.44	155.60
564.10	438.98	155.61
510.83	577.46	155.62
463.30	572.61	155.63
576.08	448.15	155.63
560.97	425.63	155.64
529.45	470.17	155.64
579.43	452.54	155.64
523.15	487.99	155.65
447.85	577.50	155.67
523.68	559.28	155.67
495.41	411.93	155.68
526.30	483.54	155.69
501.39	420.78	155.70
510.55	425.64	155.70
548.35	416.73	155.71
516.85	425.64	155.72
551.86	448.02	155.72
491.73	577.70	155.72
438.31	581.82	155.74
469.61	573.29	155.75
495.12	403.56	155.76
517.37	523.29	155.77
498.46	416.50	155.77
530.04	479.08	155.78
400.86	599.53	155.78
595.33	465.83	155.79
535.52	416.40	155.79
517.38	506.15	155.80
539.25	456.93	155.80
526.11	420.91	155.81
532.36	385.88	155.81
520.45	537.12	155.82
545.50	394.82	155.82
444.31	581.44	155.83
501.44	394.56	155.83
598.57	470.26	155.83
550.88	412.27	155.84
517.28	514.73	155.85
523.34	550.40	155.85
519.95	385.94	155.85
532.86	465.88	155.85
554.65	416.72	155.85
428.89	586.23	155.86
409.89	595.12	155.86
554.35	398.85	155.88
419.31	590.59	155.88
535.48	390.12	155.88
538.57	394.61	155.88
453.96	577.17	155.88
526.30	385.67	155.89
485.28	577.13	155.90
532.68	474.64	155.90
510.56	390.01	155.91
535.73	461.28	155.92
519.89	501.41	155.92
551.49	421.18	155.93
497.95	398.90	155.95
507.22	421.43	155.95
529.62	417.04	155.95
520.31	421.47	155.95
519.90	572.58	155.95
567.33	443.30	155.96
519.67	528.01	155.97
542.10	398.97	155.98
531.99	483.24	155.99
554.64	425.65	156.00
538.85	412.79	156.00
444.38	583.48	156.00
501.09	581.23	156.00
522.73	496.68	156.00
435.06	585.43	156.01
548.32	452.18	156.01
516.50	576.96	156.01
507.44	581.15	156.01
513.70	421.84	156.02
545.16	412.73	156.02
460.21	576.60	156.02
528.83	487.71	156.02
560.68	443.12	156.02
525.71	492.16	156.03
479.00	576.62	156.04
548.88	408.15	156.06
522.92	568.06	156.06
522.80	541.67	156.06
516.58	389.62	156.08
535.75	479.09	156.08
519.61	510.27	156.08
529.45	390.00	156.10
519.62	519.18	156.10
425.25	590.10	156.10
406.40	599.07	156.11
551.44	394.54	156.11
551.57	403.34	156.12
415.80	594.54	156.13
586.76	461.09	156.13
466.14	576.65	156.14
495.03	581.23	156.14
535.16	470.18	156.15
532.60	412.26	156.15
473.06	576.67	156.15
532.60	394.45	156.18
523.15	390.00	156.18
535.75	398.91	156.19
557.80	421.18	156.19
523.15	416.71	156.19
450.71	581.56	156.19
507.11	394.05	156.20
538.90	403.36	156.21
542.05	407.81	156.22
497.52	407.81	156.22
504.26	416.71	156.23
441.26	586.02	156.23
535.75	407.81	156.25
545.20	403.36	156.26
522.55	532.54	156.29
555.66	422.34	156.30
570.67	447.54	156.31
538.90	483.55	156.32
513.71	581.57	156.32
526.30	412.26	156.34
516.85	416.71	156.36
526.30	394.46	156.36
532.60	403.36	156.37
538.91	474.62	156.37
542.06	479.08	156.38
523.16	505.82	156.39
525.91	554.81	156.40
501.11	412.25	156.40
529.45	407.81	156.40
510.55	416.70	156.40
431.81	590.47	156.41
529.45	398.91	156.41
488.50	581.58	156.43
513.70	394.47	156.43
535.76	488.02	156.45
520.00	394.46	156.45
544.93	456.46	156.45
457.01	581.57	156.47
422.36	594.93	156.47
447.57	586.03	156.49
412.92	599.39	156.50
523.17	523.63	156.52
520.00	412.25	156.53
523.17	514.72	156.54
598.72	479.10	156.55
526.30	403.36	156.55
526.32	501.37	156.56
525.93	563.75	156.56
523.15	398.91	156.58
532.61	492.48	156.59
523.15	407.81	156.59
538.93	465.73	156.61
438.11	590.49	156.63
529.47	496.93	156.64
482.20	581.60	156.67
504.25	586.05	156.67
526.34	545.90	156.68
463.31	581.59	156.68
557.81	447.98	156.68
513.70	412.25	156.69
516.85	398.92	156.70
551.54	396.97	156.70
507.41	412.24	156.72
510.56	586.05	156.73
548.41	398.88	156.73
428.67	594.94	156.73
504.25	398.94	156.73
573.52	452.42	156.73
520.00	403.36	156.73
598.72	488.00	156.74
545.23	483.55	156.76
510.55	398.93	156.77
497.95	586.06	156.77
589.27	465.80	156.78
419.22	599.40	156.78
516.85	407.80	156.79
469.61	581.60	156.81
475.90	581.60	156.81
542.06	488.04	156.81
542.09	461.32	156.82
453.87	586.05	156.83
526.34	536.99	156.84
444.42	590.50	156.87
520.03	581.58	156.87
526.33	510.28	156.87
576.65	456.90	156.89
513.70	403.37	156.90
564.09	447.99	156.91
526.34	528.08	156.95
595.55	474.67	156.96
523.20	577.13	156.96
510.55	407.80	156.96
434.97	594.95	156.97
545.24	474.55	156.97
526.34	519.18	156.97
516.87	586.05	156.98
491.64	586.07	156.99
501.70	404.26	157.00
425.52	599.41	157.03
542.09	470.14	157.04
504.25	407.78	157.06
592.41	470.26	157.10
501.12	403.41	157.10
595.55	492.48	157.11
460.17	586.06	157.11
538.93	492.53	157.12
598.71	496.96	157.12
529.49	505.84	157.13
507.39	403.38	157.14
450.72	590.52	157.16
579.79	461.41	157.18
441.27	594.97	157.21
595.54	483.54	157.22
507.40	590.53	157.23
485.34	586.09	157.24
431.82	599.42	157.27
548.43	479.08	157.28
513.71	590.52	157.28
532.64	501.40	157.29
526.38	572.67	157.30
535.79	496.97	157.31
523.27	594.28	157.32
501.10	590.54	157.32
466.47	586.09	157.34
529.50	514.73	157.36
529.55	550.36	157.40
527.75	594.99	157.40
520.04	590.52	157.40
554.70	452.53	157.41
529.53	541.45	157.42
529.51	523.63	157.43
529.52	532.54	157.44
479.05	586.11	157.45
523.21	586.04	157.45
457.02	590.53	157.47
447.57	594.98	157.48
472.76	586.11	157.48
590.56	492.47	157.49
590.76	493.52	157.50
438.12	599.43	157.50
494.79	590.56	157.51
529.58	559.31	157.60
592.36	487.97	157.61
525.63	589.42	157.63
567.21	452.52	157.65
592.32	496.34	157.66
582.94	465.89	157.67
547.99	488.16	157.67
532.66	510.29	157.71
510.55	595.00	157.72
516.87	594.99	157.73
526.38	581.58	157.73
596.25	500.44	157.74
545.30	491.91	157.74
444.43	599.44	157.76
463.33	590.56	157.77
545.28	465.74	157.77
488.48	590.58	157.77
453.88	595.00	157.78
599.41	504.87	157.79
504.24	595.01	157.80
571.07	455.93	157.82
547.93	461.43	157.83
547.67	471.13	157.84
551.58	456.98	157.84
532.67	519.19	157.85
529.05	568.18	157.85
532.17	528.10	157.85
586.84	469.27	157.85
560.95	451.80	157.86
592.36	479.10	157.87
541.34	495.95	157.87
531.20	554.81	157.90
520.02	597.19	157.90
497.93	594.29	157.90
535.31	505.88	157.92
532.16	537.01	157.93
482.18	589.84	157.93
513.70	597.29	157.94
459.41	593.92	157.95
469.63	589.83	157.95
538.18	500.33	157.96
491.65	592.86	157.96
574.28	460.28	157.96
528.76	576.00	157.96
550.82	482.45	157.96
450.74	598.71	157.98
507.40	597.26	157.99
532.16	545.92	158.00
550.79	475.72	158.01
534.26	514.72	158.02
476.69	589.47	158.04
527.89	586.00	158.07
590.84	483.54	158.10
570.97	457.42	158.10
576.70	463.54	158.11
534.20	523.63	158.11
501.10	597.13	158.14
457.01	597.12	158.15
466.45	592.66	158.17
523.15	599.29	158.20
485.35	592.62	158.20
534.12	532.54	158.22
590.07	473.57	158.23
494.02	595.91	158.25
536.46	511.35	158.28
588.86	488.05	158.29
530.90	563.72	158.31
549.04	466.82	158.31
529.90	581.50	158.32
463.27	595.54	158.32
473.54	591.42	158.34
536.20	519.16	158.34
530.88	572.63	158.34
598.82	510.18	158.35
579.10	466.70	158.35
534.03	541.45	158.35
504.27	599.98	158.35
592.52	501.25	158.36
533.26	551.43	158.36
595.67	505.72	158.38
535.67	528.07	158.40
588.89	496.77	158.40
529.39	590.43	158.41
552.89	479.09	158.41
488.53	595.49	158.44
564.10	454.39	158.44
538.82	505.76	158.47
479.05	592.40	158.47
497.97	599.25	158.50
589.12	474.51	158.50
551.42	470.23	158.50
460.13	599.27	158.51
551.37	461.86	158.52
557.78	454.36	158.54
551.36	487.89	158.57
532.98	559.20	158.57
588.91	479.07	158.58
583.09	470.72	158.58
469.58	594.79	158.59
535.67	536.97	158.59
545.12	496.73	158.61
567.36	457.35	158.62
482.22	594.78	158.64
538.84	514.72	158.67
541.97	501.27	158.68
570.47	461.13	158.70
532.50	568.18	158.73
548.93	493.27	158.73
532.52	577.08	158.73
491.67	599.26	158.77
538.84	523.62	158.77
535.66	545.88	158.80
554.57	474.65	158.84
586.22	474.53	158.84
466.43	599.29	158.85
532.54	585.98	158.87
573.60	465.61	158.87
586.23	492.44	158.88
555.22	457.60	158.93
475.75	594.99	159.00
586.22	483.54	159.00
538.84	532.52	159.02
554.56	483.49	159.03
485.37	599.28	159.04
598.79	519.13	159.05
535.67	554.79	159.08
542.01	519.17	159.13
542.00	510.27	159.14
595.64	514.68	159.15
554.59	465.73	159.17
472.74	599.30	159.19
576.74	470.08	159.20
592.49	510.22	159.25
479.06	599.30	159.26
527.75	594.99	159.30
529.36	599.29	159.32
542.01	528.07	159.33
538.85	541.43	159.33
535.71	581.54	159.36
589.34	505.77	159.38
535.70	572.64	159.39
535.70	563.71	159.42
557.77	470.18	159.43
560.94	456.57	159.48
583.04	479.05	159.48
557.75	479.06	159.49
567.27	465.68	159.53
535.70	590.44	159.54
545.17	514.73	159.55
579.89	474.56	159.55
586.18	501.33	159.60
564.13	461.20	159.60
545.17	523.62	159.60
532.49	594.85	159.63
598.77	528.06	159.65
545.16	505.80	159.65
570.41	470.14	159.71
595.62	523.61	159.75
542.01	536.98	159.77
560.94	465.72	159.78
560.93	474.62	159.80
539.48	550.35	159.82
582.44	487.99	159.84
564.10	470.16	159.85
592.46	519.16	159.87
535.71	599.34	159.88
559.17	458.55	159.90
557.74	461.22	159.90
548.95	501.34	159.96
577.17	475.70	160.00
539.43	585.99	160.02
539.34	577.09	160.04
548.91	519.18	160.04
552.05	497.18	160.06
588.77	514.71	160.08
573.56	474.60	160.09
545.74	532.53	160.13
539.31	559.54	160.15
539.29	594.90	160.18
554.94	492.60	160.18
582.49	496.77	160.18
548.84	509.95	160.22
539.40	568.23	160.22
567.56	475.06	160.23
542.37	546.09	160.23
548.77	528.32	160.25
579.49	483.73	160.26
585.86	510.43	160.26
598.42	537.16	160.26
595.47	532.61	160.33
558.02	487.78	160.36
576.32	479.22	160.37
592.65	528.26	160.38
564.10	479.04	160.40
541.84	581.52	160.41
551.26	523.68	160.41
551.19	514.65	160.42
560.86	483.50	160.43
541.78	590.48	160.44
589.60	523.47	160.45
583.41	505.98	160.45
544.87	541.59	160.47
541.57	554.94	160.51
551.04	505.54	160.52
586.75	518.85	160.54
541.60	572.92	160.56
580.19	492.23	160.58
541.47	599.00	160.58
570.66	478.73	160.60
547.31	536.29	160.70
599.36	545.91	160.72
541.65	563.72	160.74
554.66	519.17	160.82
582.98	514.73	160.82
551.51	532.55	160.84
595.58	541.47	160.88
580.41	501.36	160.88
592.43	537.01	160.92
545.22	585.99	160.94
554.67	501.37	160.94
554.66	528.09	160.94
589.28	532.56	160.96
554.67	510.26	161.00
545.23	550.38	161.01
573.54	483.57	161.02
545.22	594.91	161.02
586.13	528.10	161.02
545.23	577.07	161.05
576.68	488.02	161.07
582.98	523.64	161.10
579.82	510.27	161.12
557.82	523.63	161.16
567.25	483.59	161.18
548.38	545.93	161.23
579.83	519.18	161.24
557.82	514.71	161.24
551.52	541.47	161.34
557.84	496.93	161.36
554.67	537.02	161.38
545.25	568.16	161.40
557.82	532.56	161.40
560.97	519.17	161.43
548.39	590.45	161.45
548.39	581.53	161.46
576.68	514.72	161.46
582.98	532.57	161.47
545.26	559.28	161.47
598.72	554.84	161.47
586.13	537.02	161.48
560.97	528.10	161.48
579.83	528.10	161.48
557.83	505.80	161.49
589.27	541.48	161.50
592.42	545.94	161.53
576.68	523.64	161.53
595.57	550.40	161.57
576.66	505.80	161.58
564.11	523.63	161.59
548.40	599.37	161.60
573.54	519.18	161.63
576.64	496.92	161.68
564.13	488.09	161.68
560.98	510.24	161.69
567.25	519.17	161.71
570.40	523.64	161.71
564.11	514.70	161.72
573.54	528.10	161.74
567.26	528.10	161.74
564.11	532.56	161.77
561.01	492.51	161.77
576.69	532.57	161.79
573.52	510.25	161.79
570.39	514.70	161.80
560.97	537.03	161.80
548.41	572.59	161.80
548.40	554.86	161.82
557.82	541.49	161.84
579.83	537.03	161.85
554.68	545.95	161.87
551.53	550.41	161.88
570.40	532.56	161.89
598.69	563.77	161.92
551.56	585.99	161.93
582.98	541.49	161.93
570.38	488.11	161.95
567.25	510.23	162.00
551.57	594.92	162.00
586.12	545.96	162.02
567.26	537.03	162.02
548.41	563.71	162.03
573.54	537.03	162.04
551.56	577.05	162.06
561.00	501.34	162.08
589.27	550.42	162.14
564.11	541.49	162.14
564.13	505.76	162.18
576.69	541.49	162.18
595.55	559.31	162.19
594.35	555.39	162.20
573.48	492.51	162.21
573.49	501.32	162.24
570.38	505.75	162.24
560.97	545.95	162.24
570.40	541.49	162.25
579.83	545.96	162.32
557.82	550.41	162.33
592.43	554.86	162.33
551.54	559.30	162.34
554.21	590.47	162.37
554.68	554.86	162.38
554.71	581.54	162.38
551.05	568.17	162.38
599.45	571.60	162.39
582.97	549.70	162.42
567.26	545.95	162.43
553.95	598.27	162.45
573.54	545.96	162.46
563.33	549.30	162.50
596.35	567.10	162.51
586.91	553.76	162.51
553.89	573.71	162.53
576.70	548.20	162.53
553.09	563.72	162.57
570.40	548.15	162.57
560.95	552.60	162.58
556.23	577.08	162.58
567.24	490.42	162.60
593.22	562.61	162.60
556.21	585.99	162.61
566.46	502.41	162.62
558.58	555.90	162.62
555.42	560.37	162.63
590.09	558.17	162.63
579.07	551.42	162.66
567.24	551.05	162.67
563.36	498.00	162.69
573.55	551.04	162.71
557.81	572.65	162.72
556.13	594.90	162.73
583.02	554.75	162.74
564.09	554.77	162.76
554.62	568.15	162.77
557.78	563.71	162.80
558.25	581.52	162.81
560.93	559.24	162.82
571.99	496.89	162.85
560.93	568.21	162.85
569.63	500.31	162.86
570.39	554.77	162.88
576.70	554.76	162.88
586.17	559.20	162.89
557.73	590.43	162.90
560.91	577.05	162.95
564.85	493.52	162.98
567.24	559.24	163.00
564.08	563.71	163.00
589.33	563.65	163.00
557.73	599.35	163.05
564.05	572.60	163.05
592.50	568.09	163.08
579.86	559.22	163.09
573.54	559.23	163.11
595.66	572.53	163.14
598.84	576.97	163.15
567.22	568.16	163.21
570.39	563.69	163.23
569.67	493.39	163.24
560.90	585.97	163.25
583.01	563.67	163.30
576.70	563.68	163.36
560.90	594.89	163.47
564.06	581.51	163.47
573.54	568.14	163.53
586.16	568.12	163.54
567.22	577.05	163.56
567.21	496.95	163.58
570.38	572.60	163.59
567.66	495.00	163.60
579.85	568.13	163.66
589.31	572.57	163.83
564.06	590.43	163.83
576.69	572.60	163.93
564.07	599.35	164.01
583.00	572.59	164.03
567.22	585.97	164.07
573.54	577.06	164.11
592.47	577.03	164.16
570.38	581.52	164.17
579.84	577.06	164.43
567.79	594.90	164.50
595.00	581.73	164.58
586.15	577.78	164.63
598.57	586.06	164.72
570.61	590.57	164.76
576.94	581.62	164.78
573.55	585.92	164.84
570.08	599.36	164.89
582.75	581.20	165.07
589.51	581.25	165.09
573.56	594.91	165.35
579.86	586.03	165.53
576.72	590.47	165.59
592.43	586.08	165.75
598.67	594.93	165.83
576.73	599.35	165.85
586.15	586.08	165.99
595.53	590.56	166.04
579.89	594.92	166.31
583.03	590.52	166.47
595.51	599.30	166.49
583.04	599.32	166.78
593.18	593.81	166.78
589.31	589.88	166.85
590.75	594.99	167.20
591.71	598.34	167.31
585.40	593.82	167.35
586.92	598.29	167.53
589.35	594.83	168.34
