305.00	305.00	133.04
315.00	305.00	131.74
325.00	305.00	130.01
335.00	305.00	131.31
345.00	305.00	135.26
355.00	305.00	136.85
365.00	305.00	137.04
375.00	305.00	137.33
385.00	305.00	137.21
395.00	305.00	137.55
405.00	305.00	137.74
415.00	305.00	138.52
425.00	305.00	138.60
435.00	305.00	139.28
445.00	305.00	139.81
455.00	305.00	141.06
455.00	305.00	141.06
465.00	305.00	141.98
475.00	305.00	146.97
485.00	305.00	145.32
575.00	305.00	132.40
585.00	305.00	130.01
595.00	305.00	128.78
305.00	315.00	127.23
315.00	315.00	125.50
325.00	315.00	126.16
335.00	315.00	131.62
345.00	315.00	136.10
355.00	315.00	137.37
365.00	315.00	137.44
385.00	315.00	137.79
395.00	315.00	138.18
405.00	315.00	138.62
415.00	315.00	139.23
425.00	315.00	139.48
435.00	315.00	139.72
455.00	315.00	141.02
455.00	315.00	141.02
465.00	315.00	142.38
475.00	315.00	144.11
485.00	315.00	147.13
495.00	315.00	146.04
585.00	315.00	132.10
595.00	315.00	129.63
305.00	325.00	123.03
315.00	325.00	123.17
325.00	325.00	129.89
335.00	325.00	133.89
345.00	325.00	136.57
365.00	325.00	136.93
375.00	325.00	137.40
385.00	325.00	138.22
395.00	325.00	138.99
405.00	325.00	139.71
415.00	325.00	139.97
435.00	325.00	139.95
445.00	325.00	140.16
445.00	325.00	140.16
455.00	325.00	141.76
455.00	325.00	141.76
465.00	325.00	143.40
475.00	325.00	145.02
485.00	325.00	145.23
495.00	325.00	147.02
585.00	325.00	131.91
595.00	325.00	128.30
305.00	335.00	122.43
315.00	335.00	122.50
325.00	335.00	129.14
335.00	335.00	133.05
345.00	335.00	135.20
355.00	335.00	135.89
365.00	335.00	136.38
385.00	335.00	137.62
405.00	335.00	140.09
415.00	335.00	140.59
425.00	335.00	140.53
435.00	335.00	140.32
435.00	335.00	140.32
455.00	335.00	140.68
465.00	335.00	143.60
475.00	335.00	145.29
485.00	335.00	145.63
495.00	335.00	148.20
505.00	335.00	147.32
595.00	335.00	131.75
305.00	345.00	122.11
315.00	345.00	122.10
325.00	345.00	131.47
335.00	345.00	134.00
345.00	345.00	134.88
365.00	345.00	135.45
375.00	345.00	136.78
385.00	345.00	138.32
395.00	345.00	139.80
405.00	345.00	140.81
415.00	345.00	141.15
435.00	345.00	141.12
435.00	345.00	141.12
445.00	345.00	141.24
455.00	345.00	142.46
465.00	345.00	144.21
475.00	345.00	145.39
485.00	345.00	146.60
495.00	345.00	147.68
505.00	345.00	148.67
595.00	345.00	131.68
305.00	355.00	121.75
315.00	355.00	121.74
325.00	355.00	128.95
335.00	355.00	132.12
345.00	355.00	133.93
355.00	355.00	134.92
365.00	355.00	136.39
375.00	355.00	137.81
385.00	355.00	139.04
405.00	355.00	140.53
415.00	355.00	141.37
425.00	355.00	141.78
435.00	355.00	142.23
445.00	355.00	142.85
465.00	355.00	144.64
475.00	355.00	146.41
485.00	355.00	147.93
495.00	355.00	150.14
505.00	355.00	150.44
305.00	365.00	121.20
315.00	365.00	125.91
325.00	365.00	128.68
335.00	365.00	132.95
345.00	365.00	134.62
365.00	365.00	136.17
375.00	365.00	137.49
385.00	365.00	138.59
395.00	365.00	140.12
405.00	365.00	141.30
415.00	365.00	142.20
435.00	365.00	142.69
445.00	365.00	143.66
455.00	365.00	145.01
465.00	365.00	146.30
475.00	365.00	147.64
485.00	365.00	149.49
495.00	365.00	151.57
505.00	365.00	151.23
305.00	375.00	120.56
315.00	375.00	124.24
335.00	375.00	131.20
345.00	375.00	134.01
355.00	375.00	136.13
365.00	375.00	137.52
375.00	375.00	138.44
385.00	375.00	139.83
405.00	375.00	141.11
415.00	375.00	142.31
425.00	375.00	143.13
435.00	375.00	144.13
455.00	375.00	145.41
465.00	375.00	146.55
485.00	375.00	149.88
495.00	375.00	152.43
305.00	385.00	123.07
315.00	385.00	126.00
325.00	385.00	129.83
335.00	385.00	133.56
355.00	385.00	136.18
365.00	385.00	138.57
375.00	385.00	139.53
385.00	385.00	139.68
395.00	385.00	140.91
405.00	385.00	142.08
415.00	385.00	143.22
435.00	385.00	144.35
445.00	385.00	145.65
455.00	385.00	148.06
465.00	385.00	148.06
475.00	385.00	150.06
485.00	385.00	151.94
495.00	385.00	152.93
305.00	395.00	125.11
315.00	395.00	128.94
325.00	395.00	132.15
335.00	395.00	133.01
345.00	395.00	135.81
355.00	395.00	137.88
365.00	395.00	139.08
385.00	395.00	140.33
395.00	395.00	141.63
405.00	395.00	142.80
415.00	395.00	143.01
425.00	395.00	144.37
435.00	395.00	145.65
445.00	395.00	146.75
455.00	395.00	147.89
465.00	395.00	149.75
475.00	395.00	151.74
485.00	395.00	153.68
305.00	405.00	124.34
315.00	405.00	128.07
325.00	405.00	134.80
345.00	405.00	137.75
355.00	405.00	138.10
365.00	405.00	138.34
375.00	405.00	139.76
385.00	405.00	141.24
405.00	405.00	142.58
415.00	405.00	143.96
425.00	405.00	145.34
435.00	405.00	146.53
445.00	405.00	147.58
455.00	405.00	149.32
475.00	405.00	151.36
485.00	405.00	153.90
305.00	415.00	126.81
315.00	415.00	129.79
325.00	415.00	133.58
335.00	415.00	137.72
345.00	415.00	138.57
355.00	415.00	138.36
365.00	415.00	139.18
385.00	415.00	140.78
395.00	415.00	142.33
405.00	415.00	143.60
415.00	415.00	144.99
435.00	415.00	146.87
455.00	415.00	148.80
465.00	415.00	150.76
475.00	415.00	152.53
485.00	415.00	154.02
315.00	425.00	128.75
335.00	425.00	134.90
345.00	425.00	137.67
355.00	425.00	138.27
365.00	425.00	138.91
375.00	425.00	140.39
385.00	425.00	141.80
395.00	425.00	143.05
415.00	425.00	144.58
425.00	425.00	146.00
435.00	425.00	147.09
445.00	425.00	148.23
455.00	425.00	149.87
465.00	425.00	151.54
475.00	425.00	154.64
485.00	425.00	153.94
305.00	435.00	127.22
315.00	435.00	129.77
325.00	435.00	132.93
335.00	435.00	135.61
355.00	435.00	137.77
365.00	435.00	138.07
385.00	435.00	141.31
395.00	435.00	142.63
405.00	435.00	144.10
415.00	435.00	145.52
435.00	435.00	147.20
455.00	435.00	149.16
465.00	435.00	150.87
475.00	435.00	152.30
485.00	435.00	153.91
315.00	445.00	128.57
335.00	445.00	133.58
345.00	445.00	135.90
355.00	445.00	137.43
365.00	445.00	138.35
375.00	445.00	140.45
385.00	445.00	142.17
405.00	445.00	143.56
415.00	445.00	145.00
425.00	445.00	146.42
435.00	445.00	147.21
445.00	445.00	148.51
455.00	445.00	149.93
465.00	445.00	151.40
485.00	445.00	152.73
495.00	445.00	153.56
305.00	455.00	127.08
315.00	455.00	129.35
325.00	455.00	131.61
335.00	455.00	134.09
355.00	455.00	136.44
365.00	455.00	139.21
385.00	455.00	141.19
395.00	455.00	142.75
405.00	455.00	144.45
415.00	455.00	145.89
425.00	455.00	146.92
435.00	455.00	147.91
455.00	455.00	149.22
465.00	455.00	150.52
475.00	455.00	151.69
485.00	455.00	153.99
495.00	455.00	153.45
315.00	465.00	128.29
335.00	465.00	132.92
345.00	465.00	135.20
355.00	465.00	137.30
365.00	465.00	138.38
375.00	465.00	140.17
385.00	465.00	142.28
405.00	465.00	143.86
415.00	465.00	145.38
425.00	465.00	146.65
435.00	465.00	147.38
445.00	465.00	148.62
455.00	465.00	149.80
475.00	465.00	151.06
485.00	465.00	152.15
495.00	465.00	153.35
305.00	475.00	126.98
315.00	475.00	129.10
325.00	475.00	131.25
335.00	475.00	133.34
345.00	475.00	135.27
355.00	475.00	136.30
365.00	475.00	139.00
375.00	475.00	140.86
385.00	475.00	141.42
395.00	475.00	143.12
405.00	475.00	144.66
415.00	475.00	146.13
425.00	475.00	147.05
435.00	475.00	147.97
445.00	475.00	148.83
455.00	475.00	149.47
465.00	475.00	150.38
475.00	475.00	151.37
485.00	475.00	152.06
495.00	475.00	153.25
305.00	485.00	127.21
315.00	485.00	129.34
325.00	485.00	131.49
335.00	485.00	134.04
355.00	485.00	136.79
365.00	485.00	140.15
385.00	485.00	142.32
395.00	485.00	144.03
405.00	485.00	145.67
415.00	485.00	146.76
425.00	485.00	147.58
435.00	485.00	148.61
455.00	485.00	149.46
465.00	485.00	150.14
475.00	485.00	150.75
485.00	485.00	152.42
495.00	485.00	153.15
315.00	495.00	128.76
335.00	495.00	133.42
345.00	495.00	135.97
355.00	495.00	138.08
365.00	495.00	139.50
375.00	495.00	141.45
385.00	495.00	143.39
405.00	495.00	145.50
415.00	495.00	147.05
435.00	495.00	148.53
445.00	495.00	149.39
455.00	495.00	150.09
465.00	495.00	150.71
475.00	495.00	151.69
485.00	495.00	152.92
495.00	495.00	153.30
305.00	505.00	127.96
315.00	505.00	129.83
325.00	505.00	132.59
335.00	505.00	135.19
345.00	505.00	137.42
355.00	505.00	139.03
365.00	505.00	141.57
385.00	505.00	143.17
395.00	505.00	145.54
405.00	505.00	146.63
415.00	505.00	147.53
425.00	505.00	148.58
435.00	505.00	149.45
455.00	505.00	150.47
465.00	505.00	150.82
475.00	505.00	151.56
485.00	505.00	153.20
495.00	505.00	153.29
305.00	515.00	129.24
315.00	515.00	131.46
335.00	515.00	134.17
345.00	515.00	137.29
355.00	515.00	138.74
365.00	515.00	141.20
375.00	515.00	143.64
385.00	515.00	145.53
395.00	515.00	146.95
405.00	515.00	147.73
415.00	515.00	148.76
435.00	515.00	149.62
445.00	515.00	150.54
455.00	515.00	150.76
465.00	515.00	151.40
475.00	515.00	152.18
485.00	515.00	153.20
495.00	515.00	153.24
305.00	525.00	128.73
315.00	525.00	130.70
325.00	525.00	133.69
335.00	525.00	136.67
345.00	525.00	138.53
355.00	525.00	140.76
365.00	525.00	143.23
385.00	525.00	146.15
405.00	525.00	148.01
415.00	525.00	149.01
425.00	525.00	150.31
435.00	525.00	150.49
445.00	525.00	151.01
455.00	525.00	151.49
465.00	525.00	152.01
475.00	525.00	152.50
485.00	525.00	153.17
305.00	535.00	130.08
315.00	535.00	133.29
335.00	535.00	136.09
345.00	535.00	138.17
365.00	535.00	142.85
375.00	535.00	145.59
385.00	535.00	147.09
395.00	535.00	148.16
405.00	535.00	149.61
415.00	535.00	150.35
425.00	535.00	150.56
435.00	535.00	151.25
445.00	535.00	151.81
455.00	535.00	152.10
465.00	535.00	152.51
475.00	535.00	153.84
485.00	535.00	153.09
305.00	545.00	130.23
315.00	545.00	132.98
325.00	545.00	135.60
345.00	545.00	139.73
355.00	545.00	142.51
365.00	545.00	145.06
375.00	545.00	146.48
385.00	545.00	148.40
395.00	545.00	149.09
405.00	545.00	150.04
415.00	545.00	150.85
425.00	545.00	151.62
435.00	545.00	151.98
445.00	545.00	152.55
455.00	545.00	152.76
465.00	545.00	153.25
475.00	545.00	153.81
485.00	545.00	153.22
305.00	555.00	132.75
315.00	555.00	135.13
325.00	555.00	137.19
335.00	555.00	139.12
345.00	555.00	141.95
355.00	555.00	142.20
365.00	555.00	144.62
375.00	555.00	147.93
385.00	555.00	148.75
395.00	555.00	149.70
405.00	555.00	150.99
415.00	555.00	152.02
425.00	555.00	152.57
435.00	555.00	157.02
445.00	555.00	157.94
455.00	555.00	155.86
465.00	555.00	154.74
475.00	555.00	154.01
305.00	565.00	133.92
315.00	565.00	137.36
325.00	565.00	138.70
335.00	565.00	141.58
345.00	565.00	143.94
355.00	565.00	145.06
365.00	565.00	146.62
375.00	565.00	148.06
385.00	565.00	149.61
395.00	565.00	150.99
405.00	565.00	152.15
415.00	565.00	153.11
425.00	565.00	156.53
435.00	565.00	156.64
445.00	565.00	158.82
455.00	565.00	155.27
465.00	565.00	154.82
305.00	575.00	135.97
315.00	575.00	137.44
325.00	575.00	139.37
335.00	575.00	141.26
345.00	575.00	143.53
355.00	575.00	144.93
365.00	575.00	146.90
375.00	575.00	149.21
385.00	575.00	150.85
395.00	575.00	151.93
405.00	575.00	157.57
415.00	575.00	157.02
425.00	575.00	156.41
435.00	575.00	158.33
445.00	575.00	159.18
455.00	575.00	161.00
465.00	575.00	163.20
305.00	585.00	136.71
315.00	585.00	138.09
325.00	585.00	140.59
335.00	585.00	142.35
345.00	585.00	144.66
355.00	585.00	146.74
365.00	585.00	148.78
375.00	585.00	149.55
385.00	585.00	151.90
395.00	585.00	156.82
405.00	585.00	156.39
415.00	585.00	155.56
425.00	585.00	159.18
435.00	585.00	159.25
445.00	585.00	159.78
455.00	585.00	163.43
465.00	585.00	163.44
305.00	595.00	138.58
315.00	595.00	140.11
325.00	595.00	141.95
335.00	595.00	143.77
345.00	595.00	145.94
355.00	595.00	147.79
365.00	595.00	149.84
375.00	595.00	151.37
385.00	595.00	153.39
415.00	595.00	155.66
435.00	595.00	160.66
445.00	595.00	161.44
455.00	595.00	163.88
506.00	355.00	150.44
506.00	365.00	151.23
496.00	375.00	152.43
496.00	385.00	152.93
486.00	395.00	153.68
486.00	405.00	153.90
486.00	415.00	154.02
486.00	425.00	153.94
486.00	435.00	153.91
496.00	445.00	153.56
496.00	455.00	153.45
496.00	465.00	153.35
496.00	475.00	153.25
496.00	485.00	153.15
496.00	495.00	153.30
496.00	505.00	153.29
496.00	515.00	153.24
486.00	525.00	153.17
486.00	535.00	153.09
486.00	545.00	153.22
476.00	555.00	154.01
466.00	565.00	154.82
395.00	595.00	155.55
405.00	595.00	155.65
