575.00	305.00	132.40
485.00	305.00	145.32
475.00	305.00	146.97
585.00	315.00	132.10
495.00	315.00	146.04
485.00	315.00	147.13
375.00	315.00	165.36
585.00	325.00	131.91
495.00	325.00	147.02
355.00	325.00	162.52
595.00	335.00	131.75
505.00	335.00	147.32
495.00	335.00	148.20
375.00	335.00	164.61
595.00	345.00	131.68
505.00	345.00	148.67
355.00	345.00	160.20
505.00	355.00	150.44
495.00	355.00	150.14
455.00	355.00	153.93
505.00	365.00	151.23
495.00	365.00	151.57
425.00	365.00	155.09
355.00	365.00	156.33
495.00	375.00	152.43
475.00	375.00	154.01
445.00	375.00	154.96
395.00	375.00	156.19
325.00	375.00	153.96
495.00	385.00	152.93
425.00	385.00	155.76
345.00	385.00	155.48
485.00	395.00	153.68
375.00	395.00	156.66
485.00	405.00	153.90
465.00	405.00	155.04
395.00	405.00	156.75
335.00	405.00	154.99
485.00	415.00	154.02
445.00	415.00	155.87
425.00	415.00	156.39
375.00	415.00	156.99
485.00	425.00	153.94
475.00	425.00	154.64
405.00	425.00	157.02
325.00	425.00	149.47
305.00	425.00	150.49
485.00	435.00	153.91
445.00	435.00	156.11
425.00	435.00	156.72
375.00	435.00	157.37
345.00	435.00	152.20
495.00	445.00	153.56
475.00	445.00	154.77
395.00	445.00	157.51
325.00	445.00	153.35
305.00	445.00	154.25
495.00	455.00	153.45
485.00	455.00	153.99
445.00	455.00	156.22
375.00	455.00	157.80
345.00	455.00	155.95
495.00	465.00	153.35
465.00	465.00	155.43
395.00	465.00	157.78
325.00	465.00	156.26
305.00	465.00	155.01
495.00	475.00	153.25
495.00	485.00	153.15
445.00	485.00	156.57
375.00	485.00	158.29
345.00	485.00	157.80
495.00	495.00	153.30
485.00	495.00	152.92
425.00	495.00	158.00
395.00	495.00	158.26
325.00	495.00	156.60
305.00	495.00	154.79
495.00	505.00	153.29
485.00	505.00	153.20
445.00	505.00	156.94
375.00	505.00	159.92
495.00	515.00	153.24
485.00	515.00	153.20
425.00	515.00	159.50
325.00	515.00	157.48
485.00	525.00	153.17
395.00	525.00	162.07
375.00	525.00	162.25
485.00	535.00	153.09
475.00	535.00	153.84
355.00	535.00	162.60
325.00	535.00	159.86
485.00	545.00	153.22
475.00	545.00	153.81
335.00	545.00	162.33
475.00	555.00	154.01
465.00	555.00	154.74
465.00	565.00	154.82
465.00	575.00	163.20
465.00	585.00	163.44
455.00	585.00	163.43
455.00	595.00	163.88
425.00	595.00	162.34
405.00	595.00	155.65
395.00	595.00	155.55
405.00	305.00	137.74
445.00	315.00	152.15
405.00	315.00	138.62
425.00	325.00	153.28
405.00	325.00	139.71
395.00	325.00	138.99
385.00	335.00	137.62
395.00	345.00	139.80
385.00	345.00	138.32
445.00	335.00	153.23
395.00	335.00	156.71
425.00	345.00	154.22
395.00	355.00	155.94
595.00	305.00	128.78
585.00	305.00	130.01
465.00	305.00	141.98
395.00	305.00	137.55
385.00	305.00	137.21
375.00	305.00	137.33
365.00	305.00	137.04
355.00	305.00	136.85
345.00	305.00	135.26
335.00	305.00	131.31
325.00	305.00	130.01
315.00	305.00	131.74
305.00	305.00	133.04
595.00	315.00	129.63
475.00	315.00	144.11
465.00	315.00	142.38
395.00	315.00	138.18
385.00	315.00	137.79
365.00	315.00	137.44
355.00	315.00	137.37
345.00	315.00	136.10
335.00	315.00	131.62
325.00	315.00	126.16
315.00	315.00	125.50
305.00	315.00	127.23
595.00	325.00	128.30
485.00	325.00	145.23
475.00	325.00	145.02
465.00	325.00	143.40
385.00	325.00	138.22
375.00	325.00	137.40
365.00	325.00	136.93
345.00	325.00	136.57
335.00	325.00	133.89
325.00	325.00	129.89
315.00	325.00	123.17
305.00	325.00	123.03
485.00	335.00	145.63
475.00	335.00	145.29
465.00	335.00	143.60
455.00	335.00	140.68
365.00	335.00	136.38
355.00	335.00	135.89
345.00	335.00	135.20
335.00	335.00	133.05
325.00	335.00	129.14
315.00	335.00	122.50
305.00	335.00	122.43
495.00	345.00	147.68
485.00	345.00	146.60
475.00	345.00	145.39
465.00	345.00	144.21
455.00	345.00	142.46
445.00	345.00	141.24
375.00	345.00	136.78
365.00	345.00	135.45
345.00	345.00	134.88
335.00	345.00	134.00
325.00	345.00	131.47
315.00	345.00	122.10
305.00	345.00	122.11
485.00	355.00	147.93
475.00	355.00	146.41
465.00	355.00	144.64
445.00	355.00	142.85
435.00	355.00	142.23
425.00	355.00	141.78
415.00	355.00	141.37
405.00	355.00	140.53
385.00	355.00	139.04
375.00	355.00	137.81
365.00	355.00	136.39
355.00	355.00	134.92
345.00	355.00	133.93
335.00	355.00	132.12
325.00	355.00	128.95
315.00	355.00	121.74
305.00	355.00	121.75
485.00	365.00	149.49
475.00	365.00	147.64
465.00	365.00	146.30
455.00	365.00	145.01
445.00	365.00	143.66
435.00	365.00	142.69
415.00	365.00	142.20
405.00	365.00	141.30
395.00	365.00	140.12
385.00	365.00	138.59
375.00	365.00	137.49
365.00	365.00	136.17
345.00	365.00	134.62
335.00	365.00	132.95
325.00	365.00	128.68
315.00	365.00	125.91
305.00	365.00	121.20
485.00	375.00	149.88
465.00	375.00	146.55
455.00	375.00	145.41
435.00	375.00	144.13
425.00	375.00	143.13
415.00	375.00	142.31
405.00	375.00	141.11
385.00	375.00	139.83
375.00	375.00	138.44
365.00	375.00	137.52
355.00	375.00	136.13
345.00	375.00	134.01
335.00	375.00	131.20
315.00	375.00	124.24
305.00	375.00	120.56
485.00	385.00	151.94
475.00	385.00	150.06
465.00	385.00	148.06
455.00	385.00	148.06
445.00	385.00	145.65
435.00	385.00	144.35
415.00	385.00	143.22
405.00	385.00	142.08
395.00	385.00	140.91
385.00	385.00	139.68
375.00	385.00	139.53
365.00	385.00	138.57
355.00	385.00	136.18
335.00	385.00	133.56
325.00	385.00	129.83
315.00	385.00	126.00
305.00	385.00	123.07
475.00	395.00	151.74
465.00	395.00	149.75
455.00	395.00	147.89
445.00	395.00	146.75
435.00	395.00	145.65
425.00	395.00	144.37
415.00	395.00	143.01
405.00	395.00	142.80
395.00	395.00	141.63
385.00	395.00	140.33
365.00	395.00	139.08
355.00	395.00	137.88
345.00	395.00	135.81
335.00	395.00	133.01
325.00	395.00	132.15
315.00	395.00	128.94
305.00	395.00	125.11
475.00	405.00	151.36
455.00	405.00	149.32
445.00	405.00	147.58
435.00	405.00	146.53
425.00	405.00	145.34
415.00	405.00	143.96
405.00	405.00	142.58
385.00	405.00	141.24
375.00	405.00	139.76
365.00	405.00	138.34
355.00	405.00	138.10
345.00	405.00	137.75
325.00	405.00	134.80
315.00	405.00	128.07
305.00	405.00	124.34
475.00	415.00	152.53
465.00	415.00	150.76
455.00	415.00	148.80
435.00	415.00	146.87
415.00	415.00	144.99
405.00	415.00	143.60
395.00	415.00	142.33
385.00	415.00	140.78
365.00	415.00	139.18
355.00	415.00	138.36
345.00	415.00	138.57
335.00	415.00	137.72
325.00	415.00	133.58
315.00	415.00	129.79
305.00	415.00	126.81
465.00	425.00	151.54
455.00	425.00	149.87
445.00	425.00	148.23
435.00	425.00	147.09
425.00	425.00	146.00
415.00	425.00	144.58
395.00	425.00	143.05
385.00	425.00	141.80
375.00	425.00	140.39
365.00	425.00	138.91
355.00	425.00	138.27
345.00	425.00	137.67
335.00	425.00	134.90
315.00	425.00	128.75
475.00	435.00	152.30
465.00	435.00	150.87
455.00	435.00	149.16
435.00	435.00	147.20
415.00	435.00	145.52
405.00	435.00	144.10
395.00	435.00	142.63
385.00	435.00	141.31
365.00	435.00	138.07
355.00	435.00	137.77
335.00	435.00	135.61
325.00	435.00	132.93
315.00	435.00	129.77
305.00	435.00	127.22
485.00	445.00	152.73
465.00	445.00	151.40
455.00	445.00	149.93
445.00	445.00	148.51
435.00	445.00	147.21
425.00	445.00	146.42
415.00	445.00	145.00
405.00	445.00	143.56
385.00	445.00	142.17
375.00	445.00	140.45
365.00	445.00	138.35
355.00	445.00	137.43
345.00	445.00	135.90
335.00	445.00	133.58
315.00	445.00	128.57
475.00	455.00	151.69
465.00	455.00	150.52
455.00	455.00	149.22
435.00	455.00	147.91
425.00	455.00	146.92
415.00	455.00	145.89
405.00	455.00	144.45
395.00	455.00	142.75
385.00	455.00	141.19
365.00	455.00	139.21
355.00	455.00	136.44
335.00	455.00	134.09
325.00	455.00	131.61
315.00	455.00	129.35
305.00	455.00	127.08
485.00	465.00	152.15
475.00	465.00	151.06
455.00	465.00	149.80
445.00	465.00	148.62
435.00	465.00	147.38
425.00	465.00	146.65
415.00	465.00	145.38
405.00	465.00	143.86
385.00	465.00	142.28
375.00	465.00	140.17
365.00	465.00	138.38
355.00	465.00	137.30
345.00	465.00	135.20
335.00	465.00	132.92
315.00	465.00	128.29
485.00	475.00	152.06
475.00	475.00	151.37
465.00	475.00	150.38
455.00	475.00	149.47
445.00	475.00	148.83
435.00	475.00	147.97
425.00	475.00	147.05
415.00	475.00	146.13
405.00	475.00	144.66
395.00	475.00	143.12
385.00	475.00	141.42
375.00	475.00	140.86
365.00	475.00	139.00
355.00	475.00	136.30
345.00	475.00	135.27
335.00	475.00	133.34
325.00	475.00	131.25
315.00	475.00	129.10
305.00	475.00	126.98
485.00	485.00	152.42
475.00	485.00	150.75
465.00	485.00	150.14
455.00	485.00	149.46
435.00	485.00	148.61
425.00	485.00	147.58
415.00	485.00	146.76
405.00	485.00	145.67
395.00	485.00	144.03
385.00	485.00	142.32
365.00	485.00	140.15
355.00	485.00	136.79
335.00	485.00	134.04
325.00	485.00	131.49
315.00	485.00	129.34
305.00	485.00	127.21
475.00	495.00	151.69
465.00	495.00	150.71
455.00	495.00	150.09
445.00	495.00	149.39
435.00	495.00	148.53
415.00	495.00	147.05
405.00	495.00	145.50
385.00	495.00	143.39
375.00	495.00	141.45
365.00	495.00	139.50
355.00	495.00	138.08
345.00	495.00	135.97
335.00	495.00	133.42
315.00	495.00	128.76
475.00	505.00	151.56
465.00	505.00	150.82
455.00	505.00	150.47
435.00	505.00	149.45
425.00	505.00	148.58
415.00	505.00	147.53
405.00	505.00	146.63
395.00	505.00	145.54
385.00	505.00	143.17
365.00	505.00	141.57
355.00	505.00	139.03
345.00	505.00	137.42
335.00	505.00	135.19
325.00	505.00	132.59
315.00	505.00	129.83
305.00	505.00	127.96
475.00	515.00	152.18
465.00	515.00	151.40
455.00	515.00	150.76
445.00	515.00	150.54
435.00	515.00	149.62
415.00	515.00	148.76
405.00	515.00	147.73
395.00	515.00	146.95
385.00	515.00	145.53
375.00	515.00	143.64
365.00	515.00	141.20
355.00	515.00	138.74
345.00	515.00	137.29
335.00	515.00	134.17
315.00	515.00	131.46
305.00	515.00	129.24
475.00	525.00	152.50
465.00	525.00	152.01
455.00	525.00	151.49
445.00	525.00	151.01
435.00	525.00	150.49
425.00	525.00	150.31
415.00	525.00	149.01
405.00	525.00	148.01
385.00	525.00	146.15
365.00	525.00	143.23
355.00	525.00	140.76
345.00	525.00	138.53
335.00	525.00	136.67
325.00	525.00	133.69
315.00	525.00	130.70
305.00	525.00	128.73
465.00	535.00	152.51
455.00	535.00	152.10
445.00	535.00	151.81
435.00	535.00	151.25
425.00	535.00	150.56
415.00	535.00	150.35
405.00	535.00	149.61
395.00	535.00	148.16
385.00	535.00	147.09
375.00	535.00	145.59
365.00	535.00	142.85
345.00	535.00	138.17
335.00	535.00	136.09
315.00	535.00	133.29
305.00	535.00	130.08
465.00	545.00	153.25
455.00	545.00	152.76
445.00	545.00	152.55
435.00	545.00	151.98
425.00	545.00	151.62
415.00	545.00	150.85
405.00	545.00	150.04
395.00	545.00	149.09
385.00	545.00	148.40
375.00	545.00	146.48
365.00	545.00	145.06
355.00	545.00	142.51
345.00	545.00	139.73
325.00	545.00	135.60
315.00	545.00	132.98
305.00	545.00	130.23
455.00	555.00	155.86
445.00	555.00	157.94
435.00	555.00	157.02
425.00	555.00	152.57
415.00	555.00	152.02
405.00	555.00	150.99
395.00	555.00	149.70
385.00	555.00	148.75
375.00	555.00	147.93
365.00	555.00	144.62
355.00	555.00	142.20
345.00	555.00	141.95
335.00	555.00	139.12
325.00	555.00	137.19
315.00	555.00	135.13
305.00	555.00	132.75
455.00	565.00	155.27
445.00	565.00	158.82
435.00	565.00	156.64
425.00	565.00	156.53
415.00	565.00	153.11
405.00	565.00	152.15
395.00	565.00	150.99
385.00	565.00	149.61
375.00	565.00	148.06
365.00	565.00	146.62
355.00	565.00	145.06
345.00	565.00	143.94
335.00	565.00	141.58
325.00	565.00	138.70
315.00	565.00	137.36
305.00	565.00	133.92
455.00	575.00	161.00
445.00	575.00	159.18
435.00	575.00	158.33
425.00	575.00	156.41
415.00	575.00	157.02
405.00	575.00	157.57
395.00	575.00	151.93
385.00	575.00	150.85
375.00	575.00	149.21
365.00	575.00	146.90
355.00	575.00	144.93
345.00	575.00	143.53
335.00	575.00	141.26
325.00	575.00	139.37
315.00	575.00	137.44
305.00	575.00	135.97
445.00	585.00	159.78
435.00	585.00	159.25
425.00	585.00	159.18
415.00	585.00	155.56
405.00	585.00	156.39
395.00	585.00	156.82
385.00	585.00	151.90
375.00	585.00	149.55
365.00	585.00	148.78
355.00	585.00	146.74
345.00	585.00	144.66
335.00	585.00	142.35
325.00	585.00	140.59
315.00	585.00	138.09
305.00	585.00	136.71
445.00	595.00	161.44
435.00	595.00	160.66
415.00	595.00	155.66
385.00	595.00	153.39
375.00	595.00	151.37
365.00	595.00	149.84
355.00	595.00	147.79
345.00	595.00	145.94
335.00	595.00	143.77
325.00	595.00	141.95
315.00	595.00	140.11
305.00	595.00	138.58
445.00	305.00	139.81
435.00	305.00	139.28
425.00	305.00	138.60
415.00	305.00	138.52
435.00	315.00	139.72
425.00	315.00	139.48
415.00	315.00	139.23
435.00	325.00	139.95
415.00	325.00	139.97
425.00	335.00	140.53
415.00	335.00	140.59
405.00	335.00	140.09
415.00	345.00	141.15
405.00	345.00	140.81
455.00	305.00	141.06
455.00	315.00	141.02
455.00	325.00	141.76
445.00	325.00	140.16
435.00	335.00	140.32
435.00	345.00	141.12
